305 289 400 284 406 437 312 440
305 289 399 283 405 437 311 439
304 289 400 283 406 437 312 439
305 288 399 283 406 437 312 439
305 289 399 283 406 437 312 439
305 289 399 283 406 437 312 439
305 289 399 283 406 437 312 439
305 289 399 283 406 437 312 439
305 289 399 283 406 437 312 439
305 289 399 283 406 437 312 439
305 289 399 283 406 437 312 439
305 289 399 283 406 437 312 439
305 289 399 283 406 437 312 439
305 289 399 283 406 437 312 439
304 288 399 283 406 437 312 439
305 288 400 283 406 437 312 439
305 288 400 283 406 437 312 439
304 288 400 283 406 437 312 439
305 288 400 283 406 437 312 439
305 288 400 283 406 437 312 439
305 288 400 283 405 437 312 439
305 288 400 283 405 437 312 439
305 288 400 283 405 437 312 439
305 288 400 283 405 437 312 439
305 288 400 283 405 437 312 439
304 288 400 283 405 437 312 439
305 288 400 283 405 437 312 439
305 288 400 283 405 437 312 439
305 288 400 283 405 437 312 439
305 288 400 283 405 437 312 439
305 288 400 283 405 437 312 439
304 288 400 283 405 437 312 439
305 288 400 283 405 437 312 439
305 288 400 283 405 437 312 439
305 288 400 283 405 437 312 439
305 288 400 283 405 437 312 439
304 288 400 283 405 437 311 439
304 288 400 283 405 437 312 439
304 288 400 283 405 437 312 439
304 288 400 283 405 437 311 439
305 288 400 283 405 437 312 439
305 288 400 283 405 437 312 439
305 288 400 283 405 437 311 439
305 288 400 283 405 437 311 439
305 288 400 283 405 437 311 439
305 288 400 283 405 437 311 439
305 288 400 283 405 437 311 439
305 288 400 283 405 437 311 439
305 288 400 283 405 437 311 439
305 288 400 283 405 437 311 439
305 288 400 283 405 437 311 439
305 288 400 283 405 437 311 439
305 288 400 283 405 437 311 439
305 288 400 283 405 437 311 439
305 288 400 283 405 437 311 439
305 288 400 283 405 437 311 439
305 288 400 283 405 437 311 439
305 288 400 283 405 437 311 439
305 288 400 283 405 437 311 439
305 288 400 283 405 437 311 439
305 288 400 283 405 437 311 439
305 288 400 283 405 437 311 439
305 288 400 283 405 437 311 439
305 288 400 283 405 437 311 439
305 288 400 283 405 437 311 439
305 288 400 283 405 437 312 439
305 288 400 283 405 437 312 440
305 288 400 283 405 437 312 440
305 288 400 283 405 437 312 440
305 288 400 283 405 437 312 440
305 288 400 283 405 437 311 440
305 288 400 283 405 437 312 440
305 288 400 283 406 437 311 440
305 288 400 283 406 437 312 440
305 288 400 283 406 437 312 440
305 288 400 284 406 437 312 440
305 288 400 284 406 437 312 440
305 289 400 284 406 437 312 440
305 289 400 284 406 437 312 440
305 289 400 284 406 437 312 440
305 289 400 284 406 437 312 440
305 289 401 284 406 437 312 440
305 289 401 284 407 437 312 440
305 289 401 284 407 437 312 441
305 289 401 284 407 437 312 441
306 289 401 284 407 437 312 441
306 289 402 284 407 438 312 441
306 289 402 284 408 438 312 441
306 289 402 284 408 438 313 441
306 289 402 284 408 438 313 441
306 289 402 284 408 438 313 442
306 289 403 284 408 438 313 442
306 289 403 284 408 439 313 442
306 289 403 284 409 439 313 442
306 289 403 284 409 439 313 442
306 289 403 284 409 439 313 443
306 289 403 284 409 439 313 443
306 289 404 284 409 440 313 443
306 289 404 284 410 440 313 443
306 289 404 284 410 440 313 444
306 289 404 284 410 440 313 444
306 290 404 285 410 441 313 444
306 290 405 285 410 441 313 445
306 290 405 285 410 441 313 445
306 290 405 285 411 442 313 446
306 290 405 285 411 442 313 446
306 290 405 285 411 443 313 447
306 290 405 285 411 443 313 447
306 290 406 285 411 443 313 448
306 290 406 285 412 444 313 448
306 291 406 285 412 444 313 449
306 291 406 285 412 444 313 449
306 291 407 286 412 445 313 449
306 291 407 286 413 445 313 450
306 291 407 286 413 446 313 450
306 291 408 286 413 446 313 451
306 291 408 286 413 446 313 451
306 291 408 286 414 447 313 451
306 291 408 286 414 447 313 452
306 291 409 286 414 448 313 452
306 292 409 286 415 448 313 453
306 292 409 286 415 449 313 453
306 292 410 287 415 449 313 454
306 292 410 287 416 449 313 454
306 292 410 287 416 450 313 455
306 292 411 287 416 450 313 455
306 292 411 287 416 451 313 456
306 292 411 287 417 452 313 456
305 292 411 287 417 452 313 457
305 293 411 287 417 453 313 457
305 293 411 287 417 454 313 458
305 293 411 288 417 454 312 458
304 293 412 288 417 455 312 459
304 293 412 288 417 455 312 460
304 293 412 288 417 456 311 460
303 294 412 288 417 457 311 461
303 294 412 288 417 457 311 462
303 294 412 288 417 458 311 462
302 294 412 289 418 458 310 463
302 294 412 289 418 459 310 464
302 294 412 289 418 460 310 464
302 294 413 289 418 460 310 465
302 295 413 289 419 461 310 466
302 295 413 289 419 462 310 467
302 295 414 289 419 462 310 467
302 295 414 290 420 463 310 468
302 295 415 290 420 464 310 469
302 295 415 290 421 464 310 469
302 296 415 290 421 465 310 470
302 296 416 290 421 466 310 471
302 296 416 290 422 466 310 471
302 296 416 290 422 467 310 472
302 296 417 291 422 467 310 473
302 296 417 291 422 468 310 473
302 297 418 291 423 469 310 474
301 297 418 291 423 470 310 475
301 297 418 291 423 470 310 476
301 297 419 291 423 471 310 477
301 297 419 291 424 472 310 477
301 297 419 292 424 473 310 478
301 298 420 292 424 473 310 479
301 298 420 292 424 474 310 480
301 298 421 292 425 475 310 481
300 298 421 292 425 476 309 482
300 299 421 292 425 477 309 483
300 299 421 293 424 478 309 483
299 299 421 293 424 478 309 484
299 299 422 293 424 480 308 485
299 299 422 293 424 481 308 486
299 299 422 293 423 481 308 487
298 300 422 293 423 482 308 488
298 300 423 294 423 483 308 489
298 300 423 294 423 484 308 489
298 300 423 294 423 485 308 490
298 301 424 294 423 485 308 491
298 301 424 294 423 486 308 492
298 301 424 295 423 487 307 493
298 301 425 295 423 488 307 494
297 301 425 295 423 489 307 495
297 301 426 295 423 490 307 496
297 302 426 295 423 491 307 497
297 302 426 296 423 492 307 498
297 302 427 296 424 493 306 499
297 302 427 296 424 495 306 500
296 303 428 297 424 496 306 501
296 303 428 297 424 497 305 502
296 303 428 297 424 498 305 503
295 303 428 297 424 499 305 504
295 304 428 297 424 500 304 505
295 304 429 298 424 501 304 506
294 304 429 298 424 502 304 507
294 305 429 298 424 503 303 508
293 305 429 298 424 504 303 509
293 305 429 299 425 505 303 511
293 306 430 299 425 506 302 512
292 306 430 299 425 508 302 513
291 306 430 299 425 509 301 514
291 306 430 300 425 510 301 515
290 307 430 300 425 511 300 517
290 307 430 300 425 513 300 518
289 307 431 301 425 514 299 519
289 308 431 301 425 515 299 520
288 308 431 301 425 516 298 522
287 309 431 302 425 517 298 523
286 309 431 302 425 519 297 524
285 309 431 302 425 520 296 525
285 309 430 302 425 521 296 526
284 310 430 303 424 522 295 528
283 310 430 303 424 523 295 529
283 310 430 303 424 524 294 530
283 310 431 304 425 525 294 531
282 311 431 304 425 526 293 532
282 311 431 304 425 527 293 532
282 311 431 304 425 528 293 533
281 311 432 304 425 529 293 534
281 312 432 305 425 530 293 535
281 312 432 305 426 531 293 536
281 312 433 305 426 531 292 537
281 312 433 305 426 532 292 538
281 312 433 306 427 533 292 539
281 313 434 306 427 535 292 540
280 313 434 306 427 536 292 541
280 313 435 306 427 537 291 543
280 314 435 307 428 538 291 544
280 314 436 307 428 539 291 545
280 314 436 307 428 540 291 546
279 315 436 308 429 541 291 547
279 315 437 308 429 542 291 548
279 315 437 308 429 543 290 549
278 315 437 308 430 544 290 550
278 315 438 308 430 545 290 551
278 316 438 309 430 546 290 552
278 316 438 309 430 547 289 553
277 316 438 309 430 548 289 554
277 317 439 310 430 549 289 555
277 317 439 310 430 550 288 556
276 317 439 310 431 551 288 557
276 317 440 310 431 552 288 558
276 317 440 311 431 553 288 559
276 318 440 311 432 554 288 560
276 318 441 311 432 555 288 561
276 318 441 311 432 556 288 562
276 318 442 311 433 557 288 563
276 319 442 312 433 558 288 564
276 319 443 312 434 559 288 566
276 319 443 312 434 560 288 567
275 319 444 312 434 561 288 568
275 320 444 313 435 562 287 569
275 320 445 313 435 563 287 570
275 320 445 313 435 564 287 571
274 320 445 314 435 566 286 572
274 321 445 314 435 567 286 573
274 321 446 314 435 568 286 574
274 321 446 314 435 568 285 574
273 321 446 314 435 569 285 575
273 321 446 315 435 570 285 576
273 321 446 315 435 571 284 577
272 322 446 315 435 572 284 577
272 322 446 315 435 572 284 578
272 322 446 315 435 573 284 579
271 322 446 315 435 574 283 579
271 322 446 316 436 574 283 580
271 323 446 316 436 575 283 581
270 323 446 316 436 576 283 581
270 323 447 316 436 576 282 582
270 323 447 316 436 577 282 583
269 323 447 316 436 578 282 584
269 324 447 317 436 579 281 584
269 324 447 317 436 580 281 585
269 324 447 317 436 580 281 586
269 324 447 317 436 581 281 587
269 324 448 317 436 582 281 587
268 324 448 317 436 582 280 588
268 324 448 318 436 583 280 588
268 324 448 318 437 583 280 589
268 324 448 318 437 583 280 589
268 324 448 318 437 583 280 589
268 324 448 318 437 583 280 589
268 324 448 318 437 583 280 589
268 324 448 318 437 583 280 589
268 324 448 318 437 583 280 589
268 324 448 318 437 583 280 589
268 325 448 318 437 583 280 589
268 325 448 318 437 583 280 589
268 325 448 318 437 583 280 589
268 325 448 318 437 583 280 589
268 325 448 318 437 583 280 589
268 324 448 318 437 583 280 589
268 324 448 318 437 583 280 589
268 325 448 318 437 583 280 589
268 325 448 318 437 583 280 589
268 325 448 318 437 583 280 589
268 325 448 318 437 583 280 589
268 325 448 318 437 583 280 589
267 325 448 318 437 583 280 589
267 325 448 318 437 583 280 589
267 325 448 318 437 583 280 589
267 325 448 318 437 583 280 589
267 325 448 318 437 583 280 589
267 325 448 318 437 583 280 589
267 325 448 318 437 582 280 589
268 325 448 318 437 582 280 589
268 325 448 317 437 582 280 589
268 325 448 317 437 582 280 589
268 325 448 317 436 582 280 589
268 325 448 317 436 582 280 589
268 325 447 317 436 582 280 589
268 325 447 317 436 582 280 589
268 325 447 317 436 582 280 589
267 325 447 317 436 581 280 588
267 325 447 317 436 581 280 588
266 325 447 317 436 580 281 588
266 325 447 317 436 580 281 588
266 325 447 317 436 580 281 588
267 325 447 317 436 580 281 587
267 325 447 317 436 579 281 587
267 325 447 317 436 579 281 587
267 324 446 317 436 579 281 586
267 324 446 317 436 578 281 586
268 324 446 317 435 578 281 585
268 324 446 316 435 578 281 585
268 324 446 316 435 577 281 584
269 323 445 316 435 577 281 584
268 323 445 316 434 576 281 583
268 323 444 316 434 575 281 582
267 323 443 315 433 574 281 581
267 323 442 315 433 573 280 581
266 323 442 315 432 573 280 580
266 323 441 315 432 572 280 579
266 323 441 314 431 571 280 578
267 322 440 314 431 569 280 577
267 322 440 314 430 568 280 576
267 322 439 314 430 567 280 575
268 321 439 313 430 566 281 574
268 321 439 313 430 565 281 573
268 321 438 313 430 564 281 572
268 321 438 313 429 563 281 571
269 320 438 312 429 562 281 570
269 320 437 312 429 561 281 569
269 320 437 312 428 560 281 568
269 319 437 312 428 559 281 567
270 319 436 311 427 558 282 565
270 319 436 311 427 557 282 564
270 319 435 311 427 556 282 563
270 318 435 310 427 555 282 562
271 318 435 310 426 553 283 561
271 318 434 310 426 552 283 560
272 317 434 310 426 551 283 558
272 317 434 309 426 550 284 557
273 316 433 309 426 549 284 556
274 316 433 309 425 547 284 554
274 316 433 308 425 546 284 553
275 315 432 308 425 545 284 551
275 315 432 308 424 544 285 550
275 314 431 307 424 542 285 548
275 314 430 307 423 541 285 547
275 314 430 307 423 539 285 546
276 313 429 306 422 538 286 544
276 313 429 306 422 536 286 543
276 313 428 305 422 535 287 541
277 312 428 305 422 533 287 540
278 312 428 305 422 532 288 538
279 312 429 304 422 531 289 537
280 311 429 304 423 529 290 536
280 311 429 304 423 528 291 535
281 311 429 303 423 527 291 534
282 311 429 303 424 525 292 532
282 310 429 302 424 524 293 531
283 310 429 302 424 523 293 530
284 310 429 302 424 521 294 529
284 309 428 302 423 520 294 527
285 309 428 301 423 519 295 526
285 309 428 301 423 517 295 525
285 308 427 300 423 516 296 524
286 308 427 300 423 515 296 522
286 308 427 300 423 514 296 521
287 307 427 300 423 512 297 520
287 307 426 299 423 511 297 519
288 307 426 299 422 510 298 518
288 306 426 299 422 509 298 516
289 306 426 298 422 508 298 515
289 306 426 298 422 507 299 514
289 306 425 298 422 506 299 513
290 305 425 298 422 505 299 512
290 305 425 297 421 504 300 511
290 305 424 297 421 503 300 510
290 305 424 297 421 502 300 509
290 304 424 297 421 501 300 508
291 304 423 296 420 500 300 507
291 304 423 296 420 499 300 506
291 304 423 296 420 498 301 505
291 304 422 296 420 497 301 505
291 303 422 296 420 496 301 504
292 303 422 295 420 495 301 503
292 303 421 295 419 494 301 502
292 303 421 295 419 493 302 501
292 302 421 295 419 493 302 500
293 302 421 295 419 492 302 499
293 302 420 294 419 491 302 498
293 302 420 294 419 490 302 497
293 302 420 294 419 489 303 496
293 302 420 294 419 488 303 496
293 301 419 293 419 487 303 495
294 301 419 293 419 487 303 494
294 301 419 293 419 486 303 493
295 301 419 293 419 485 303 492
295 300 419 293 419 484 304 492
295 300 419 293 419 484 304 491
295 300 418 292 419 483 304 490
295 300 418 292 419 482 305 489
295 300 418 292 419 481 305 489
295 300 418 292 420 480 305 488
296 300 417 292 420 480 305 487
296 299 417 292 420 479 305 487
296 299 417 292 420 478 305 486
296 299 417 292 420 478 305 485
296 299 416 291 420 477 305 484
297 299 416 291 420 476 305 483
297 298 416 291 420 476 305 482
297 298 415 291 420 475 305 481
297 298 415 291 420 474 305 480
298 297 415 291 420 474 305 480
298 297 415 291 419 473 305 479
298 297 414 290 419 472 305 478
298 297 414 290 419 471 305 477
298 297 414 290 418 471 306 476
298 297 413 290 418 470 306 476
298 296 413 290 418 469 306 475
298 296 413 289 418 468 306 474
298 296 413 289 417 467 306 473
298 296 412 289 417 466 306 473
298 296 412 289 416 466 306 472
298 296 411 289 416 465 306 471
298 296 411 288 416 464 306 470
298 296 410 288 415 463 306 469
298 295 410 288 415 462 307 469
299 295 410 288 414 461 307 468
299 295 410 288 414 461 307 467
299 295 409 288 414 460 307 466
299 294 409 287 413 459 307 465
299 294 409 287 413 458 307 464
299 294 408 287 413 457 308 463
300 294 408 287 412 456 308 462
300 294 408 287 412 455 308 461
300 293 408 286 412 454 308 460
301 293 408 286 412 454 309 459
301 293 407 286 412 453 309 458
301 293 407 286 412 452 309 457
302 292 407 286 412 451 310 456
302 292 407 286 412 450 310 455
303 292 408 285 412 449 311 454
303 292 408 285 412 449 311 454
304 292 408 285 412 448 312 453
305 291 408 285 412 447 313 452
306 291 408 285 412 446 313 451
306 291 408 284 412 446 314 450
307 291 408 284 413 445 314 449
308 290 409 284 413 444 315 449
308 290 409 284 413 444 315 448
309 290 409 284 413 443 316 447
309 290 409 284 413 442 316 447
310 290 409 283 413 442 317 446
310 289 409 283 413 441 317 445
311 289 409 283 413 440 317 445
311 289 409 283 413 440 318 444
312 289 409 283 413 439 318 443
312 289 409 283 413 439 319 443
312 289 409 283 413 438 319 443
313 289 409 283 413 438 319 442
313 289 409 283 413 438 319 441
313 288 409 283 413 438 319 441
313 288 408 282 413 437 319 441
313 288 408 282 413 437 319 440
313 288 408 282 412 437 319 440
313 288 407 282 412 436 319 440
312 288 407 282 412 436 319 440
312 288 406 282 411 436 318 439
312 288 406 282 411 436 318 439
312 288 406 282 411 436 318 439
312 288 406 282 411 436 318 439
312 288 406 282 411 436 318 439
312 288 406 282 411 436 318 438
312 288 406 282 411 435 318 438
312 288 406 282 411 435 318 438
312 288 406 282 411 435 318 438
313 288 406 282 411 435 318 438
313 288 406 282 411 435 318 438
313 288 406 283 411 435 318 438
313 288 406 283 411 435 318 438
313 288 406 283 411 435 318 438
313 288 406 283 411 435 318 438
313 288 407 283 411 435 318 438
313 288 407 283 411 435 318 438
313 287 407 283 411 435 318 438
313 288 407 283 411 435 318 438
313 288 407 283 411 435 318 438
313 288 407 283 411 435 318 438
313 288 407 283 411 435 318 438
313 288 407 283 411 435 318 438
313 287 407 283 411 435 318 438
313 288 407 283 411 435 318 438
313 287 407 283 411 435 318 438
313 287 407 283 411 435 318 438
313 287 407 283 411 435 318 438
313 287 407 283 411 435 318 438
313 287 407 283 411 435 318 438
313 287 407 283 411 435 318 438
313 287 407 283 411 435 318 438
313 288 407 283 411 435 318 438
313 288 407 283 411 435 318 438
313 288 407 283 411 435 318 438
313 288 407 283 411 435 318 438
313 288 407 283 411 435 318 438
313 288 407 283 411 435 318 438
313 288 407 283 411 435 318 438
313 288 407 283 411 435 318 438
313 288 407 283 411 435 318 438
313 288 407 283 411 435 318 438
313 288 407 283 411 435 318 438
313 288 407 283 411 435 318 438
313 288 407 283 411 435 318 438
313 288 407 283 411 435 318 438
313 288 407 283 411 435 318 438
313 288 407 283 411 435 318 438
313 288 407 283 411 435 318 438
313 288 407 283 411 435 318 438
313 288 407 283 411 435 318 438
313 288 407 283 411 435 318 438
313 288 407 283 411 435 318 438
313 288 407 283 411 435 318 438
313 288 407 283 411 435 318 438
313 288 407 283 411 435 318 438
313 288 407 283 411 435 318 438
313 288 407 283 411 435 318 438
313 287 407 283 411 435 318 438
313 288 407 283 411 435 318 438
313 287 407 283 411 435 318 438
313 287 407 283 411 435 318 438
313 287 407 283 411 435 318 438
313 287 407 283 411 435 318 438
313 287 407 283 411 435 318 438
313 287 407 283 411 435 318 438
313 287 407 283 411 435 318 438
313 287 407 283 411 435 318 438
313 287 407 283 411 435 318 438
313 287 407 283 411 435 318 438
313 287 407 283 411 435 318 438
313 287 407 283 411 435 318 438
313 287 407 283 411 435 318 438
314 287 407 283 411 435 318 438
314 287 407 283 411 435 318 438
314 287 407 283 411 435 318 438
314 287 407 283 411 435 318 438
314 287 407 283 411 435 318 438
314 287 407 283 411 435 318 438
314 287 407 283 411 435 318 438
314 287 407 283 411 435 318 438
314 287 407 283 411 435 318 438
314 287 407 283 411 435 318 438
314 287 407 283 411 435 318 438
314 287 407 283 411 435 318 438
313 287 407 283 411 435 318 438
313 287 407 283 411 435 318 438
313 287 407 283 411 435 318 438
314 287 407 283 411 435 318 438
314 287 407 283 411 435 318 438
313 287 407 283 411 435 318 438
313 287 407 283 411 435 318 438
313 287 407 283 411 435 318 438
313 287 407 283 411 435 318 438
313 287 407 283 411 435 318 438
313 287 407 283 411 435 318 438
313 287 407 283 411 435 318 438
313 287 407 283 411 435 318 438
313 288 407 283 411 435 318 438
313 288 407 283 411 435 318 438
313 288 407 283 411 435 318 438
