315 311 451 306 457 494 326 502
315 310 450 305 457 493 325 501
315 310 451 306 457 493 325 501
315 310 451 306 457 493 325 501
314 310 451 305 457 493 325 501
315 310 451 305 457 493 325 501
315 310 451 305 457 493 325 501
315 310 450 305 457 493 325 501
314 310 450 305 457 494 325 501
314 310 451 305 456 493 325 501
315 310 451 305 457 493 325 501
315 310 451 305 457 493 325 501
315 310 450 305 457 493 325 501
315 310 449 305 457 493 325 501
315 310 448 305 457 493 325 501
315 310 446 305 457 493 325 501
315 311 444 306 457 493 325 501
315 310 442 306 457 493 325 501
315 310 442 306 457 493 325 501
315 310 441 306 457 493 325 501
315 310 441 306 457 493 326 501
315 310 441 306 457 493 325 501
316 310 441 306 457 493 325 501
316 310 440 307 457 493 325 502
317 310 440 307 457 493 325 501
319 310 440 307 457 493 325 501
320 310 440 307 457 493 325 501
320 310 441 307 457 493 325 501
320 310 441 307 457 493 325 501
320 309 441 307 457 493 325 501
319 309 442 307 457 493 325 501
319 309 443 307 457 493 325 501
319 309 444 307 457 493 325 501
319 309 444 307 457 493 325 501
319 309 445 307 457 493 325 501
319 309 445 308 457 493 325 501
319 309 445 308 457 493 325 501
319 309 444 308 457 493 325 501
319 309 444 308 457 493 325 501
319 309 444 308 457 493 325 501
319 309 444 308 457 493 325 501
319 309 444 308 457 493 325 501
319 309 444 308 457 493 325 501
319 309 444 309 457 493 325 501
319 309 444 308 457 493 325 501
319 309 444 308 457 493 325 501
319 309 444 308 457 493 325 501
319 309 444 308 457 493 325 501
319 309 444 308 457 493 325 501
319 309 444 308 457 493 325 501
319 309 444 308 457 493 325 501
319 309 444 308 457 493 325 501
319 309 444 308 457 493 325 501
319 309 444 308 457 493 325 501
319 309 444 308 457 493 325 501
319 309 444 308 457 493 325 501
319 309 444 308 457 493 325 501
319 309 444 308 457 493 325 501
319 309 444 308 457 493 325 501
319 309 444 308 457 493 325 501
319 309 444 308 457 493 325 501
319 309 444 308 457 493 325 501
319 309 444 308 457 493 325 501
319 309 444 308 457 493 325 501
319 309 444 308 457 493 325 501
319 309 444 308 457 493 325 501
319 309 444 308 457 493 325 501
319 309 444 308 456 493 325 501
319 309 444 308 457 493 325 501
319 309 444 308 457 493 325 501
319 309 444 308 457 493 325 501
319 309 444 308 457 493 325 501
319 309 444 308 457 493 325 501
319 309 444 308 457 493 325 501
319 309 444 308 457 493 325 501
319 308 444 308 457 493 325 501
320 308 444 308 457 493 326 501
320 308 444 308 457 493 326 501
320 308 444 308 457 493 326 501
320 308 444 308 457 493 326 501
320 308 444 308 457 493 326 501
320 308 444 308 457 493 326 501
320 308 444 308 457 493 326 501
321 308 445 308 457 493 326 501
321 307 445 308 457 493 326 501
321 307 445 308 457 493 326 500
321 307 445 308 457 493 326 500
321 307 445 308 457 493 325 500
321 307 444 308 456 493 325 500
321 307 444 307 456 493 325 500
321 306 444 307 456 493 325 500
321 306 444 307 456 493 325 500
321 306 444 307 456 493 324 500
321 306 444 307 456 493 324 499
321 306 444 306 455 493 324 499
320 306 443 306 455 493 324 499
320 306 443 306 455 493 324 499
320 306 443 306 455 493 323 499
320 305 443 306 455 492 323 499
320 305 443 305 455 492 323 499
320 305 443 305 455 492 323 498
320 305 443 305 455 492 323 498
320 305 442 304 455 492 323 498
320 305 442 304 455 491 323 498
320 305 442 304 455 491 323 498
320 304 442 304 454 491 323 498
320 304 442 304 454 491 323 497
320 304 442 304 454 491 323 497
320 304 441 303 454 490 323 497
320 304 441 303 454 490 323 496
320 304 441 303 454 490 323 496
320 303 441 303 454 489 323 496
320 303 440 302 454 489 323 496
320 303 440 302 454 489 323 495
320 303 440 302 454 489 323 495
320 303 440 302 454 488 323 495
320 303 440 302 454 488 323 495
320 303 440 302 454 488 323 494
320 303 440 301 454 488 322 494
320 302 440 301 454 487 322 494
320 302 439 301 454 487 322 494
320 302 439 301 454 487 322 493
320 302 439 300 454 486 322 493
320 302 439 300 454 486 322 493
320 302 439 300 454 486 322 492
320 302 439 300 454 485 322 492
320 302 439 300 454 485 322 492
321 302 438 300 454 485 322 491
321 302 438 300 454 484 322 491
321 302 438 300 455 484 322 490
321 302 438 300 455 484 322 490
321 302 437 300 455 483 322 490
321 302 437 300 455 483 322 490
321 302 437 300 455 483 322 489
321 302 437 300 455 483 322 489
321 302 437 300 455 482 322 489
322 302 436 300 455 482 322 489
322 303 436 300 455 482 322 488
322 303 436 301 455 482 322 488
322 303 436 301 455 481 322 488
322 303 436 301 455 481 322 488
322 303 436 301 455 481 322 488
322 303 435 301 455 481 322 487
322 304 435 301 455 481 322 487
322 304 435 302 455 480 322 487
322 304 435 302 455 480 322 487
322 304 435 302 455 480 322 486
322 305 434 303 455 479 322 486
322 305 434 303 455 479 322 486
323 305 434 303 455 479 322 485
323 306 434 304 455 478 322 485
323 306 433 304 455 478 322 485
323 307 433 305 455 478 322 484
323 307 433 305 455 478 322 484
323 308 433 306 455 477 322 484
323 308 433 306 455 477 322 483
324 309 432 307 455 477 322 483
324 309 432 307 455 476 322 483
324 310 432 308 455 476 322 483
324 311 432 309 455 476 322 482
324 311 431 309 455 476 322 482
324 312 431 310 455 475 322 482
324 312 431 310 455 475 322 482
324 313 431 311 455 475 322 481
325 314 430 312 455 475 322 481
325 314 430 313 455 474 322 481
325 315 430 313 455 474 322 481
325 316 430 314 455 474 322 481
325 317 430 315 455 474 322 480
325 318 429 316 454 474 322 480
325 318 429 317 454 473 322 480
326 319 429 317 454 473 322 480
326 320 429 318 454 473 322 479
326 321 429 319 454 473 322 479
326 322 428 320 454 473 322 479
326 322 428 321 454 472 322 479
326 323 428 322 454 472 322 479
326 324 428 323 454 472 322 479
326 325 428 323 454 472 322 478
327 326 428 324 454 472 322 478
327 327 428 325 454 472 322 478
327 327 427 326 454 472 322 478
327 329 427 327 454 471 322 478
327 330 427 328 454 471 322 478
327 331 427 329 454 471 322 478
327 332 426 331 454 471 322 477
327 333 426 332 454 471 322 477
328 335 426 333 454 471 322 477
328 336 425 335 454 471 322 477
328 338 425 336 453 471 322 477
328 339 425 338 453 471 322 477
328 341 425 339 453 471 322 477
328 343 425 341 453 471 322 477
328 344 424 342 453 471 322 477
328 346 424 343 453 470 322 477
328 347 424 345 453 470 322 477
328 349 424 347 453 470 322 476
329 350 424 348 453 470 322 476
329 352 424 350 452 470 322 476
329 354 424 351 452 470 323 476
329 355 423 353 452 470 323 476
329 357 423 354 452 470 323 476
329 358 423 356 452 470 323 476
329 360 422 357 452 470 323 476
329 361 422 359 452 470 323 476
329 363 422 360 452 470 323 476
329 365 422 361 452 469 323 476
329 366 422 363 452 469 323 476
330 368 422 365 452 469 323 476
330 370 422 366 451 469 323 476
330 371 422 368 451 469 323 476
331 373 421 370 451 469 323 476
331 375 421 371 451 469 323 476
331 377 421 373 451 469 323 476
331 378 421 374 451 469 323 476
331 380 420 376 451 469 324 476
331 382 420 377 451 468 324 475
330 383 419 378 451 468 324 475
330 385 419 380 451 468 324 475
330 386 419 381 451 468 324 475
330 388 419 382 451 468 324 475
330 390 419 384 451 468 324 475
331 392 418 386 451 467 324 475
331 394 418 388 451 467 324 475
331 396 418 389 451 467 324 475
331 397 418 390 451 467 325 475
331 399 418 392 451 467 325 475
330 400 418 393 451 467 325 475
330 402 418 395 451 467 325 475
330 404 418 396 451 467 325 475
330 405 417 397 451 467 325 475
329 407 417 398 451 467 325 476
329 408 417 400 451 467 325 476
329 410 417 401 451 467 325 476
329 411 417 402 451 467 325 476
328 413 416 403 451 467 325 476
328 414 416 405 450 467 325 476
328 416 416 406 450 466 325 476
327 417 415 407 450 466 325 476
327 419 415 408 450 466 325 476
327 420 415 410 450 466 325 476
326 421 415 411 450 466 325 476
326 422 414 411 450 466 325 476
327 423 415 412 450 466 325 476
327 423 415 412 450 466 325 476
327 424 415 413 450 466 325 476
327 424 415 414 450 466 325 476
327 425 415 415 450 466 326 476
327 426 415 416 450 466 326 477
327 427 415 417 450 466 326 477
327 428 415 417 450 466 326 476
327 428 415 418 450 466 326 476
327 428 415 417 450 466 326 476
327 428 415 417 450 466 326 476
327 428 415 417 450 466 326 476
327 428 415 418 450 466 326 476
327 429 415 419 450 466 326 476
327 429 415 419 450 467 326 476
327 429 415 420 450 467 327 476
327 429 415 420 450 467 327 476
328 429 416 420 450 467 327 476
328 429 416 421 450 467 327 476
328 430 416 421 450 467 327 476
328 430 416 421 450 467 327 475
328 430 416 421 450 467 327 475
328 430 416 421 450 467 327 475
328 430 416 421 450 467 327 475
328 430 416 421 450 467 327 475
328 430 416 422 450 467 327 475
328 430 416 422 450 467 327 475
328 430 416 422 450 467 327 475
328 430 416 422 450 467 327 475
328 430 416 422 450 467 327 475
328 430 416 422 450 467 327 475
328 430 416 422 450 467 327 475
328 430 416 422 450 467 327 475
328 430 416 422 450 467 327 475
328 430 415 422 450 467 327 475
328 430 415 422 450 467 327 475
328 430 415 422 450 467 327 475
328 430 415 422 451 467 327 475
328 430 415 422 450 467 327 475
328 430 415 422 451 467 327 475
328 430 415 422 451 467 327 475
328 430 415 422 451 467 327 475
328 430 415 422 451 467 327 475
328 430 415 422 451 467 327 475
328 430 415 422 451 467 327 475
328 430 415 422 451 467 327 475
328 430 415 422 451 467 327 475
328 430 415 422 451 467 327 475
328 430 415 422 451 467 327 475
328 430 415 422 451 467 327 475
328 430 415 422 451 467 327 475
328 430 415 422 451 467 327 475
328 430 415 422 451 467 327 475
328 430 415 422 450 467 327 475
328 430 415 422 451 467 327 475
328 430 415 422 451 467 327 475
328 430 415 422 451 467 327 475
328 430 415 422 451 467 327 475
328 430 415 422 451 467 327 475
328 430 415 422 450 467 327 475
328 430 415 422 451 467 327 475
328 430 415 422 451 467 327 475
328 430 415 422 451 467 327 475
328 430 415 422 451 467 327 475
328 430 415 422 451 467 327 475
328 430 415 422 451 467 327 475
328 430 415 422 451 467 327 475
328 430 415 422 451 467 327 475
328 430 415 422 451 467 327 475
328 430 415 422 451 467 327 475
328 429 415 422 451 467 327 475
328 429 415 422 451 467 327 475
328 429 415 422 451 467 327 475
328 429 415 422 451 467 327 475
329 429 415 422 451 467 327 475
329 429 415 422 451 467 327 475
329 429 416 422 451 467 327 475
329 429 416 422 451 467 327 475
329 429 416 422 451 467 327 475
329 429 416 422 451 467 327 475
329 429 416 422 451 467 327 475
329 429 416 422 451 467 327 475
329 429 416 422 451 467 327 475
329 429 416 422 451 467 327 475
329 429 416 422 451 467 327 475
329 429 416 422 451 467 327 475
329 429 416 422 451 467 327 475
329 429 416 422 451 467 327 475
329 429 416 422 451 467 327 475
329 429 416 422 451 467 327 475
329 429 416 422 451 467 327 475
329 429 416 422 451 467 327 475
329 429 416 422 451 467 327 475
329 429 416 421 451 467 327 475
329 429 416 421 451 467 327 476
329 429 416 421 451 467 327 476
329 429 416 421 451 467 327 476
329 428 416 420 451 467 327 476
329 428 416 420 451 467 327 476
329 428 416 420 451 467 327 476
329 427 416 419 451 467 327 476
330 427 417 419 451 467 327 476
330 427 417 419 451 467 327 476
330 427 417 419 451 467 327 476
330 426 417 418 451 467 327 476
330 426 417 418 451 466 327 476
330 426 417 417 451 466 327 476
330 425 417 416 451 466 327 476
330 424 417 415 451 466 327 476
330 423 417 414 451 466 327 476
329 422 417 412 451 466 327 476
329 421 417 411 451 466 327 476
329 419 417 409 451 466 326 475
328 417 417 407 451 466 326 475
328 415 417 405 451 465 326 475
328 413 417 403 451 465 326 475
328 410 417 401 451 466 326 475
328 408 417 399 451 465 326 475
328 405 417 397 451 465 326 475
328 403 417 394 451 465 326 475
328 400 417 392 451 465 326 475
328 398 417 390 452 465 326 475
328 395 417 387 452 465 326 475
328 393 417 385 452 465 325 475
328 391 417 383 452 465 325 475
327 389 417 381 452 465 325 475
327 386 417 379 452 465 325 475
327 384 417 377 452 466 325 475
327 381 418 374 452 466 325 475
327 378 418 372 452 466 325 475
326 375 418 370 452 466 325 475
326 373 418 367 452 466 325 475
326 370 419 365 452 466 325 475
325 367 419 362 452 466 325 475
325 365 419 360 452 466 325 476
325 362 419 358 452 467 325 476
325 360 419 356 452 467 325 476
325 357 420 354 453 467 324 476
324 355 420 352 453 467 324 476
324 353 421 349 453 467 324 476
324 351 421 347 453 467 324 476
324 348 422 345 453 468 324 476
324 346 422 343 453 468 324 477
324 344 423 342 453 468 324 477
323 342 423 340 453 468 324 477
323 340 424 338 454 468 324 477
323 339 424 337 454 468 324 477
323 337 424 335 454 469 324 478
323 335 425 333 454 469 324 478
323 334 425 332 454 469 324 478
323 332 425 330 454 469 324 478
323 331 425 329 454 469 324 479
322 329 426 328 454 470 324 479
322 328 426 326 454 470 324 479
322 326 427 325 454 470 324 479
322 325 427 324 454 470 324 480
322 324 427 322 454 471 324 480
322 322 427 321 454 471 324 480
322 321 428 320 454 471 324 480
322 319 428 318 455 472 323 480
322 318 429 317 455 472 323 481
322 317 429 316 455 472 323 481
322 315 429 315 455 473 323 481
322 314 430 314 455 473 323 482
322 313 430 313 455 474 323 482
322 312 431 312 455 474 323 482
322 310 431 311 455 475 323 483
322 309 432 310 455 475 323 483
322 308 432 309 455 476 323 484
322 307 433 308 455 476 323 484
322 306 434 307 455 477 323 484
322 305 434 307 455 477 323 485
322 304 435 306 455 478 323 485
322 304 436 306 455 479 323 486
322 303 437 306 455 479 323 486
322 302 437 305 455 480 323 487
322 302 438 305 455 481 323 487
322 301 438 304 455 481 323 488
323 301 439 304 455 482 323 488
323 301 439 304 455 482 323 488
323 300 440 304 455 483 323 489
323 300 440 303 455 483 323 489
323 300 440 303 455 484 323 490
323 300 440 303 455 484 323 490
323 300 440 303 454 485 323 491
323 300 440 303 454 486 323 491
323 300 440 303 454 487 323 492
324 300 440 303 454 488 323 493
324 300 440 303 454 488 323 493
324 300 440 303 454 489 323 494
324 300 440 302 454 489 323 494
323 300 440 302 454 489 323 495
323 300 440 301 454 489 323 495
323 300 440 301 454 489 324 496
322 300 440 301 454 490 324 496
322 300 440 301 454 490 324 496
322 301 440 301 455 490 324 497
322 301 440 300 455 490 324 497
321 301 441 300 455 490 324 498
321 301 441 300 455 490 324 498
321 302 441 300 455 491 325 498
321 302 441 300 455 491 325 499
320 302 441 300 455 491 325 499
320 303 441 300 455 491 325 499
319 303 441 300 455 491 325 499
319 303 441 300 455 491 325 500
319 303 441 301 455 491 325 500
318 304 441 301 455 491 325 500
318 304 440 301 455 491 325 500
318 304 440 301 455 491 325 501
317 305 440 301 455 491 325 501
317 305 440 301 455 491 325 501
317 305 440 301 455 491 325 501
316 306 440 301 455 491 325 501
316 306 440 301 455 492 325 501
316 306 440 301 455 492 325 501
316 306 440 302 455 492 325 501
316 306 440 302 455 492 325 501
316 306 440 302 455 492 325 501
316 306 440 302 455 492 325 501
316 306 440 302 455 492 325 501
316 306 440 302 455 492 325 501
316 306 440 302 455 492 325 501
316 306 440 302 455 492 325 501
316 306 440 302 455 492 325 501
316 306 440 302 455 492 325 501
316 306 440 302 455 492 325 501
316 306 440 302 455 492 325 501
316 306 440 302 455 492 325 501
316 306 440 302 455 492 325 501
316 306 440 302 455 492 325 501
316 306 440 302 455 492 325 501
316 306 440 302 455 492 325 501
316 306 440 302 455 492 325 501
316 306 440 302 455 492 325 501
316 306 440 302 455 492 325 501
316 306 440 302 455 492 325 501
316 306 440 302 455 492 325 501
316 306 440 302 455 492 325 501
316 306 440 302 455 492 325 501
316 306 440 302 455 492 325 501
316 306 440 302 455 492 325 501
316 306 440 302 455 492 325 501
316 306 440 302 455 492 325 501
316 306 440 302 455 492 325 501
316 306 440 302 455 492 325 501
316 306 440 302 455 492 325 501
316 306 440 302 455 492 325 501
316 306 440 302 455 492 325 501
316 306 440 302 455 492 325 501
316 306 440 302 455 492 325 501
316 306 440 302 455 492 325 501
316 306 440 302 455 492 325 501
316 306 440 302 455 492 325 501
316 306 440 302 455 492 325 501
316 306 440 302 455 492 325 501
316 306 440 302 455 492 325 501
316 306 439 302 455 492 325 501
316 306 439 302 455 492 325 501
317 306 439 302 455 492 325 501
317 306 439 302 455 492 325 501
316 306 439 302 455 492 325 501
316 306 439 302 455 492 325 501
316 306 439 302 455 492 325 501
316 306 439 302 455 492 325 501
317 306 439 302 455 492 325 501
316 306 439 301 455 492 325 501
316 306 439 302 455 492 325 501
316 306 439 302 455 492 325 501
316 306 439 302 455 492 325 501
316 306 439 302 455 492 325 501
316 306 439 301 455 492 325 501
317 306 439 301 455 492 325 501
317 306 439 301 455 492 325 501
317 306 439 301 455 492 325 501
317 306 439 301 455 492 325 501
317 306 439 301 455 492 325 501
317 305 439 301 455 492 325 501
317 305 440 301 455 492 325 500
318 304 440 301 455 491 325 500
318 304 440 301 455 491 325 500
319 303 440 301 455 491 325 500
319 303 440 301 455 491 325 499
319 303 441 301 455 491 325 499
319 303 441 301 455 491 325 499
319 303 441 301 455 491 325 499
319 303 441 301 455 491 325 499
319 303 442 301 455 491 325 499
