326 316 438 316 445 467 333 467
325 316 438 315 444 467 333 467
326 316 437 316 444 467 332 467
325 315 437 315 444 467 333 467
325 316 437 315 445 467 333 467
325 315 437 315 444 467 333 467
325 315 437 315 444 467 333 467
325 316 437 315 444 467 333 467
325 316 437 315 444 467 333 467
325 315 437 315 444 467 333 467
325 315 437 315 444 467 333 467
325 315 437 315 444 467 333 467
325 315 437 315 444 467 333 467
325 316 437 315 444 467 333 467
325 316 437 315 444 467 333 467
325 316 437 315 444 467 333 467
325 316 437 315 444 467 333 467
325 315 437 315 444 467 333 467
325 315 437 315 444 467 333 467
325 315 437 315 444 467 333 467
325 316 437 315 444 467 333 467
325 316 437 315 444 467 333 467
325 316 437 315 445 467 333 467
325 316 437 315 445 467 333 467
325 316 437 315 444 467 333 467
325 316 437 315 444 467 333 467
325 315 437 315 444 467 333 467
325 316 437 315 444 467 333 467
325 315 437 315 444 467 333 467
326 316 438 315 445 467 333 467
325 316 437 315 444 467 333 467
326 316 437 315 444 467 333 467
325 316 437 315 444 467 333 467
325 316 437 315 444 467 333 467
325 316 437 315 444 467 333 467
325 316 437 315 444 466 333 467
325 316 437 315 444 466 333 467
326 316 437 315 444 467 333 467
325 316 437 315 444 466 333 467
325 316 437 315 444 466 333 467
325 316 437 315 444 466 333 467
325 316 437 315 444 467 333 467
326 316 437 315 444 466 333 467
326 316 437 315 444 467 333 467
325 316 437 315 444 467 333 467
325 316 437 315 444 466 333 467
325 316 437 315 444 466 333 467
325 316 437 315 444 467 333 467
325 316 437 315 444 467 333 467
325 316 437 315 445 467 333 467
326 316 437 315 445 467 333 467
325 316 437 315 444 467 333 467
325 316 437 315 444 467 333 467
325 316 437 315 444 467 333 467
325 316 437 315 445 467 333 467
325 316 437 315 445 467 333 467
325 316 437 315 444 467 333 467
325 315 437 315 445 467 333 467
325 315 437 315 444 467 333 467
325 315 437 315 444 467 333 467
325 315 437 315 445 467 333 467
326 315 437 315 445 467 333 467
326 315 437 315 445 467 333 467
325 315 437 315 445 467 333 467
325 316 437 315 445 467 333 467
325 315 437 315 445 467 333 467
326 315 437 315 444 467 333 467
326 315 437 315 445 467 333 467
326 315 437 315 444 467 333 467
326 315 438 315 444 467 333 467
325 315 438 315 444 467 333 467
325 316 438 316 445 467 333 467
326 315 438 315 444 467 333 467
325 315 438 315 444 466 333 467
325 315 438 315 444 466 333 467
325 315 438 315 444 466 333 467
325 315 438 315 444 466 333 467
325 315 438 315 444 466 333 467
325 315 438 315 444 466 333 467
325 315 438 315 444 466 333 467
325 315 438 315 444 466 333 467
325 315 438 315 444 466 333 467
325 315 438 315 444 466 333 467
325 315 438 315 444 466 333 467
325 315 438 315 444 466 333 467
326 315 438 315 444 466 333 467
325 315 438 315 444 466 333 467
325 315 438 315 444 466 333 467
325 315 438 315 444 466 333 467
326 315 438 315 444 466 333 467
325 315 438 315 444 466 333 467
325 315 438 315 444 466 333 467
326 316 438 315 444 466 333 467
325 315 438 315 444 466 333 467
325 315 438 315 444 466 333 467
326 315 438 315 444 466 333 467
325 315 438 315 444 466 333 467
325 315 438 315 444 466 333 467
325 315 438 315 444 466 333 467
325 315 438 315 444 466 333 467
325 315 438 315 444 466 333 466
325 315 438 315 444 466 333 467
325 315 438 315 444 466 333 467
325 315 438 315 444 466 333 467
325 315 438 315 444 466 333 467
325 315 438 315 444 466 333 466
325 315 438 315 444 466 333 467
325 315 438 315 444 466 333 467
325 315 438 315 444 466 333 467
325 315 438 315 444 466 333 466
325 315 438 315 444 466 333 466
325 315 438 315 444 466 333 467
325 315 438 315 444 466 333 466
325 315 438 315 444 466 333 467
325 315 438 315 444 466 333 466
325 315 438 315 444 466 333 466
326 315 438 315 444 466 333 466
325 315 438 315 444 466 333 466
325 316 438 315 444 466 332 466
325 316 438 316 444 466 333 467
325 316 438 316 444 466 332 467
325 316 438 316 444 466 332 467
325 316 438 316 444 466 332 467
325 316 438 316 444 466 333 467
325 316 438 316 444 466 333 467
325 316 438 316 444 466 333 467
325 316 438 316 444 466 333 467
326 315 438 315 444 466 333 466
326 315 438 315 444 466 333 466
326 315 438 315 444 466 333 466
326 315 438 315 444 466 333 466
326 315 438 315 444 466 333 466
326 315 438 315 444 466 333 466
326 315 438 315 444 466 333 466
326 315 438 315 444 466 333 466
326 315 438 315 444 466 333 466
326 315 438 315 444 466 333 466
326 315 438 315 444 466 333 466
326 315 438 315 444 466 333 466
326 315 438 315 444 466 333 466
326 315 438 315 444 466 333 466
326 315 438 315 444 466 333 466
326 315 438 315 444 466 333 466
326 315 438 315 444 466 333 466
326 315 438 315 444 466 333 466
326 315 438 315 444 466 333 466
326 315 438 315 444 466 333 466
326 315 438 315 444 466 333 466
326 315 438 315 444 466 333 466
326 315 438 315 444 466 333 466
326 315 438 315 444 466 333 466
326 315 438 315 444 466 333 466
326 315 438 315 444 466 333 466
326 315 438 315 444 466 333 466
326 315 438 316 444 467 333 466
326 315 437 316 444 467 333 465
326 316 437 316 444 467 333 465
325 316 437 317 444 467 333 465
325 316 437 317 444 467 333 465
325 316 437 317 444 467 333 465
325 316 437 317 444 467 333 465
325 316 437 317 444 467 333 465
326 316 437 316 444 467 333 465
326 315 437 316 444 467 333 465
326 315 437 316 444 467 333 465
326 315 437 316 444 467 333 465
326 315 437 316 444 467 333 465
326 315 437 316 444 467 333 465
326 315 438 316 444 467 333 465
326 315 438 316 444 467 333 465
327 315 438 316 444 467 333 465
327 315 439 316 444 467 334 464
328 314 440 316 444 467 334 464
329 314 441 316 444 467 334 463
330 313 441 316 444 467 334 463
331 313 442 316 444 467 334 462
332 312 443 315 444 467 334 462
333 311 444 315 445 467 335 461
334 311 445 315 445 467 335 460
335 310 446 315 445 467 335 459
337 309 447 314 445 467 335 458
338 308 448 314 444 467 335 457
339 307 449 314 444 467 334 456
339 306 450 314 444 467 334 455
340 306 450 314 443 467 334 454
341 305 451 314 443 467 333 454
341 304 451 314 442 467 333 454
341 304 451 314 442 467 332 453
341 303 451 313 441 467 332 452
340 302 450 312 441 466 332 451
340 301 450 310 441 464 332 450
339 299 449 308 442 462 332 449
338 297 448 305 442 459 332 447
337 295 447 302 442 456 332 445
337 292 446 298 442 453 333 443
336 289 446 294 443 450 333 440
336 285 446 290 443 446 333 436
336 281 446 286 443 442 333 433
336 278 445 282 444 438 333 430
336 274 445 278 445 434 334 426
337 271 446 273 446 430 335 423
337 267 446 269 447 426 336 420
338 264 447 268 447 423 337 417
339 261 448 267 448 420 338 414
340 258 449 265 449 417 338 411
341 255 450 263 451 414 339 409
343 252 452 262 452 412 341 406
344 249 453 260 453 409 342 404
346 247 455 259 455 407 343 401
349 245 458 258 456 405 345 399
351 243 460 257 458 403 347 397
353 241 463 255 460 400 349 395
356 239 466 253 463 398 351 393
358 237 468 252 465 396 354 391
361 234 471 249 468 393 357 388
363 232 473 247 471 390 360 386
365 229 476 244 474 387 362 383
367 226 478 241 476 383 365 381
369 223 480 238 479 380 368 378
370 219 482 234 482 376 370 375
372 216 484 231 484 373 372 372
374 213 485 228 486 369 374 369
376 210 487 225 489 366 377 366
378 207 489 222 498 363 379 364
380 205 491 219 498 360 382 362
382 203 493 217 499 358 384 360
384 202 494 215 500 356 386 358
386 200 496 214 502 355 389 357
389 199 498 213 504 353 391 355
391 198 501 212 506 352 393 354
393 197 503 212 508 351 395 353
395 196 504 211 510 350 397 353
396 195 506 211 512 350 399 352
398 195 508 210 513 349 400 351
400 194 510 210 514 349 402 351
401 194 511 210 516 348 403 350
403 194 513 210 517 348 405 350
405 193 515 210 519 347 407 350
407 193 517 209 521 347 409 350
409 194 519 209 523 347 411 350
411 194 521 209 526 346 414 350
413 194 523 209 528 346 416 350
415 193 526 209 531 346 419 350
418 193 528 209 533 346 421 350
421 193 531 208 536 346 424 350
424 192 535 208 539 346 426 349
427 192 538 208 542 346 429 349
431 192 542 208 546 346 433 350
434 192 546 208 550 346 437 350
438 192 550 208 554 346 440 350
442 192 554 208 558 346 444 350
446 192 558 208 562 346 448 350
450 192 562 209 566 345 452 350
455 193 566 209 570 345 456 351
459 193 570 209 573 344 460 351
463 193 575 210 576 344 464 351
468 194 579 210 579 344 468 351
472 194 583 211 582 344 471 352
476 194 586 212 583 344 474 352
480 195 590 213 583 344 477 352
484 195 594 213 584 345 481 353
487 196 597 214 585 346 484 353
491 196 600 214 586 346 488 354
494 197 603 215 587 346 491 355
497 198 606 215 587 347 494 356
499 199 609 216 588 347 497 357
502 200 612 216 589 347 500 357
504 200 615 217 589 347 502 358
507 201 617 217 590 348 505 359
509 202 619 218 591 348 507 360
511 203 621 218 591 349 510 361
513 204 624 219 591 350 512 362
515 205 625 219 592 350 514 362
516 206 627 219 594 350 517 363
518 206 628 219 595 350 519 364
519 207 629 219 597 350 521 365
521 207 630 219 598 350 523 365
522 208 631 219 599 349 525 366
523 208 632 219 600 349 527 366
525 209 633 219 601 349 529 367
526 209 634 219 602 348 530 367
527 210 634 219 603 348 532 368
527 210 634 219 603 347 534 369
528 212 635 219 603 347 535 370
529 213 635 220 604 348 536 371
529 214 635 221 604 348 537 372
529 215 635 222 604 349 538 373
529 216 635 222 604 349 539 375
529 218 635 223 603 349 540 376
529 219 634 224 603 350 540 377
529 221 634 225 603 349 541 378
529 222 634 226 603 350 541 380
529 224 634 228 602 350 541 381
530 226 635 229 602 350 541 382
531 228 635 231 601 351 541 384
531 230 635 233 601 351 541 385
532 232 636 235 601 354 541 387
533 234 636 238 601 356 541 389
533 236 636 240 601 359 541 391
534 238 636 243 601 360 541 393
534 241 636 245 601 361 541 395
535 243 636 247 601 361 541 396
535 245 636 249 600 361 541 398
536 247 636 251 599 363 541 400
537 249 636 253 599 363 541 401
537 251 637 255 598 364 541 402
538 252 637 257 598 364 541 404
538 254 637 259 597 365 542 405
539 256 637 261 597 365 542 406
539 258 637 262 597 365 542 406
539 260 637 265 596 366 542 406
540 262 636 267 596 366 541 407
541 265 636 269 597 365 540 408
541 267 636 272 598 364 539 410
542 270 636 274 598 364 539 411
543 272 636 276 598 364 538 412
543 274 636 278 598 364 538 413
543 276 635 280 598 364 538 413
543 277 635 281 599 363 538 414
543 279 634 281 598 364 537 414
543 280 634 281 598 364 537 415
544 282 634 281 598 364 537 415
545 284 634 282 597 365 536 415
546 286 634 282 595 367 536 416
547 288 634 282 593 369 535 416
549 291 634 282 591 371 535 416
550 293 634 282 589 374 534 416
551 294 635 281 588 375 535 417
551 295 636 280 587 376 534 417
550 297 636 280 586 377 535 417
550 298 636 280 586 377 535 417
550 299 636 280 584 379 535 417
551 300 635 281 583 380 535 417
551 301 635 281 582 381 535 417
551 302 635 281 582 381 535 417
551 302 635 281 582 381 535 418
551 302 635 281 582 381 535 418
551 303 635 281 581 381 535 418
551 303 635 281 581 382 535 418
551 303 635 281 581 382 535 418
551 303 635 281 581 382 535 418
551 303 635 281 581 382 535 418
551 303 635 281 581 382 534 418
551 303 635 281 581 382 534 418
551 303 635 281 581 382 534 418
551 303 635 281 581 382 534 418
551 303 635 281 581 382 534 418
551 303 635 281 581 382 534 418
551 303 635 281 581 382 534 418
551 303 635 281 581 382 534 418
551 303 635 281 581 382 534 418
551 303 635 281 581 382 534 418
551 303 635 281 581 382 534 418
551 303 635 281 581 382 534 418
552 303 635 281 581 382 534 418
552 303 635 281 581 382 534 418
552 303 635 281 581 382 534 418
552 303 635 281 581 382 534 418
552 303 635 281 581 382 534 418
552 303 635 281 581 382 534 418
552 303 635 281 581 382 534 418
552 303 635 281 581 382 534 418
552 303 635 281 581 382 534 418
552 303 635 281 581 382 534 418
552 303 635 281 581 382 534 418
552 303 635 281 581 382 534 418
552 303 635 281 581 382 534 418
552 303 635 281 581 382 534 418
552 303 635 281 581 382 534 418
552 303 635 281 581 382 534 418
552 303 635 281 581 382 534 418
552 303 635 281 581 382 534 418
552 303 635 281 581 382 534 418
552 303 635 281 581 382 534 418
552 303 635 281 581 382 534 418
552 303 635 281 581 382 534 418
552 303 635 281 581 382 534 418
552 303 635 281 581 382 534 418
552 303 635 281 581 382 534 418
552 303 635 281 581 382 534 418
551 303 635 281 581 382 534 418
552 303 635 281 581 382 534 418
551 303 635 281 581 382 534 418
552 303 635 281 581 382 534 418
552 303 635 281 581 382 534 418
552 303 635 281 581 382 534 418
551 303 635 281 581 382 534 418
552 303 635 281 581 382 534 418
552 303 635 281 581 382 534 418
552 303 635 281 581 382 534 418
552 303 635 281 581 382 534 418
551 303 635 281 581 382 534 418
551 303 635 281 581 382 534 418
552 303 635 281 581 382 534 418
552 303 635 281 581 382 534 418
552 303 635 281 581 382 534 418
552 303 635 281 581 382 534 418
552 303 635 281 581 382 534 418
552 303 635 281 581 382 534 418
552 303 635 281 581 382 534 418
552 303 635 281 581 382 534 418
552 303 635 281 581 382 534 418
552 303 635 281 581 382 534 418
552 303 635 281 581 382 534 418
552 303 635 281 581 382 534 418
552 303 635 281 581 382 534 418
552 303 635 281 581 382 534 418
552 303 635 281 581 382 534 418
552 303 635 281 581 382 534 418
553 303 635 281 581 382 534 418
553 303 635 281 581 382 534 417
553 303 636 281 581 382 534 417
554 303 636 281 581 382 534 417
554 303 636 281 581 382 534 417
554 303 636 281 581 382 534 417
554 303 635 281 581 382 534 417
554 303 636 281 581 382 534 417
555 303 636 281 581 382 534 417
555 303 636 281 581 382 534 417
555 303 636 281 581 382 534 417
555 303 636 281 581 381 534 417
555 303 636 281 581 382 534 417
555 302 637 281 582 381 534 417
555 302 637 281 582 381 534 417
554 301 637 281 582 381 534 416
554 300 637 281 583 380 534 416
554 299 637 281 584 379 534 416
553 297 637 280 585 378 534 416
553 296 637 280 586 377 534 416
553 295 638 278 588 375 534 416
552 293 638 277 589 374 534 415
552 291 638 277 591 372 535 414
551 288 638 277 593 369 535 414
551 286 638 277 595 367 535 413
551 283 638 277 597 365 537 413
551 280 638 277 599 363 537 411
551 278 638 277 599 364 538 410
551 275 638 277 599 364 540 409
551 272 638 277 599 363 541 408
552 269 639 277 599 363 542 406
552 267 640 275 599 363 543 404
553 264 640 273 599 363 544 403
553 261 641 271 600 363 545 402
553 259 642 269 600 362 546 400
554 256 642 267 600 362 547 399
554 253 643 265 602 360 549 397
554 250 643 264 603 359 550 395
554 248 644 262 603 359 552 392
554 245 644 261 603 358 554 390
553 242 644 259 604 358 556 387
553 239 645 256 603 359 559 384
552 236 644 254 603 359 562 381
551 233 644 252 602 359 565 378
550 230 644 250 604 357 568 374
549 227 643 247 606 355 571 371
548 224 642 245 605 352 573 368
547 222 641 243 610 343 574 366
545 220 641 241 610 342 575 365
544 218 640 239 611 341 576 364
543 216 639 237 613 339 576 363
541 214 638 235 615 338 576 363
539 211 637 233 617 335 576 363
537 209 635 232 618 333 575 362
535 208 634 230 619 331 575 362
532 206 632 228 620 331 574 361
529 204 630 227 620 331 573 361
526 202 628 225 620 330 573 361
523 201 625 224 621 328 572 360
520 200 622 222 620 328 571 360
516 199 619 221 619 331 569 360
513 198 615 220 618 331 568 359
509 197 612 219 615 335 567 359
505 196 608 219 614 335 566 359
500 196 604 218 612 337 565 359
496 195 600 217 611 339 564 359
491 195 595 216 613 337 562 358
487 194 591 215 613 335 560 358
482 194 586 215 612 335 558 358
478 194 582 214 612 335 557 357
473 193 577 213 612 336 557 357
468 193 573 213 608 341 556 356
463 193 568 212 603 347 556 355
459 193 563 212 597 355 555 355
454 193 558 212 601 351 554 355
449 193 554 212 597 357 552 355
444 193 549 212 592 362 550 355
439 193 544 213 588 367 546 355
434 194 539 213 584 372 541 355
429 195 533 213 579 377 537 356
423 195 528 214 575 382 532 356
418 196 523 214 569 387 527 356
412 197 517 215 559 396 521 357
407 198 512 216 551 402 516 358
402 200 506 217 545 407 510 360
396 201 501 219 542 409 504 361
391 203 495 221 542 410 499 363
386 205 490 223 542 410 493 365
381 207 485 226 542 410 487 367
377 209 480 228 542 410 482 370
372 211 475 230 542 410 477 372
368 213 470 233 542 410 472 374
364 215 466 235 542 410 467 376
360 218 462 238 542 410 463 378
356 221 458 240 542 410 459 381
352 223 454 243 542 410 455 383
349 226 450 246 542 410 452 386
346 229 447 249 541 410 449 389
344 232 445 252 541 410 445 392
342 235 443 256 541 410 442 396
341 238 441 260 542 410 439 400
339 241 439 264 542 410 436 404
338 245 438 268 542 410 434 407
337 248 436 272 542 410 432 411
336 251 435 275 542 410 431 415
334 255 434 279 542 410 429 418
333 259 433 283 542 410 428 422
332 262 432 287 542 410 427 426
331 266 431 291 542 410 425 429
330 270 430 295 542 410 424 433
329 273 429 299 542 410 422 437
329 277 428 303 542 410 421 441
328 281 427 308 542 410 419 445
327 285 426 312 542 410 417 449
326 288 425 317 542 410 416 453
325 292 423 321 542 410 414 457
324 295 422 324 542 410 413 460
323 298 421 327 542 410 412 463
323 300 421 330 542 410 412 466
322 302 420 332 542 410 411 468
322 304 420 333 542 410 411 470
321 305 420 334 542 410 411 471
321 306 420 335 542 410 411 472
321 306 420 335 542 410 412 472
321 307 420 336 542 410 412 472
321 308 420 336 542 410 413 472
321 309 420 337 542 410 413 473
321 309 420 337 542 410 413 473
321 310 420 338 542 410 413 474
321 310 420 338 542 410 413 475
321 311 420 339 542 410 413 475
321 311 420 339 542 410 413 475
321 311 420 338 542 410 413 475
321 311 420 338 542 410 413 475
321 311 420 338 542 410 413 475
321 312 420 338 542 410 414 475
320 312 420 338 542 410 414 475
320 312 419 338 542 410 414 475
319 313 419 338 542 410 414 475
319 314 418 338 542 410 414 475
318 314 417 338 542 410 414 475
317 314 417 338 542 410 414 475
316 315 416 338 542 410 414 475
316 314 416 338 542 410 414 475
317 314 416 338 542 410 414 475
317 314 417 338 542 410 414 475
317 314 417 338 542 410 414 475
317 314 417 338 542 410 414 475
317 314 417 338 542 410 414 475
317 314 417 337 542 410 414 475
317 314 417 337 542 410 414 475
317 314 417 338 542 410 414 475
317 314 417 338 542 410 414 475
317 314 417 338 542 410 414 475
317 314 417 338 542 410 414 475
317 314 417 338 542 410 414 475
317 314 417 338 542 410 414 475
317 314 417 338 542 410 414 475
317 314 417 338 542 410 414 475
317 314 417 338 542 410 414 475
317 314 417 338 542 410 414 475
317 314 417 338 542 410 414 475
317 314 416 338 542 410 414 475
316 315 416 338 542 410 414 475
316 315 416 338 542 410 414 475
316 315 416 339 542 410 414 475
316 315 416 339 542 410 414 475
316 315 416 339 542 410 414 475
316 315 416 339 542 410 414 475
316 315 416 339 542 410 414 475
316 315 416 338 542 410 414 475
316 315 416 338 542 410 414 475
316 315 416 338 542 410 414 475
316 315 416 338 542 410 414 475
316 315 416 339 542 410 414 475
316 315 416 339 542 410 414 475
316 315 416 339 542 410 414 475
316 315 416 339 542 410 414 475
316 315 416 339 542 410 414 475
316 315 416 339 542 410 414 475
316 315 416 339 542 410 414 475
316 315 416 339 542 410 414 475
316 315 416 339 542 410 414 475
315 315 415 339 542 410 414 475
315 315 415 339 542 410 414 475
315 316 415 339 542 410 414 475
315 315 415 339 542 410 414 475
315 315 415 339 542 410 414 475
315 315 415 339 542 410 414 475
315 316 415 339 542 410 414 475
315 316 415 339 542 410 414 475
315 316 415 339 542 410 414 475
315 316 415 339 542 410 414 475
315 315 415 339 542 410 414 475
315 316 415 339 542 410 414 475
315 316 415 339 542 410 414 475
315 316 415 339 542 410 414 475
315 316 415 339 542 410 414 475
315 316 415 339 542 410 414 475
315 316 415 339 542 410 414 475
315 316 415 339 542 410 414 475
315 316 415 339 542 410 414 475
315 316 415 339 542 410 414 475
315 316 415 339 542 410 414 475
315 316 415 339 542 410 414 475
315 316 415 339 542 410 414 475
315 316 415 339 542 410 414 475
315 316 415 339 542 410 414 475
315 316 415 339 542 410 414 475
315 316 415 339 542 410 414 475
315 316 415 339 542 410 414 475
315 316 415 339 542 410 414 475
315 316 415 339 542 410 414 475
315 316 415 339 542 410 414 475
315 316 415 339 542 410 414 475
315 316 415 339 542 410 414 475
315 316 415 339 542 410 414 475
315 316 415 339 542 410 414 475
315 316 415 339 542 410 414 475
315 316 415 339 542 410 414 475
315 316 415 339 542 410 414 475
315 316 415 339 542 410 414 475
315 316 415 339 542 410 414 475
315 316 415 339 542 410 414 475
315 316 415 339 542 410 414 475
315 316 415 339 542 410 414 475
315 316 415 339 542 410 414 475
315 316 415 339 542 410 414 475
315 316 415 339 542 410 414 475
314 316 415 339 542 410 414 475
314 316 415 339 542 410 414 475
314 316 415 339 542 410 414 475
314 316 415 339 542 410 414 475
314 316 415 339 542 410 414 475
314 316 415 339 542 410 414 475
314 316 415 339 542 410 414 475
314 316 415 339 542 410 414 475
314 316 415 339 542 410 414 475
314 316 415 339 542 410 414 475
314 316 415 339 542 410 414 475
314 316 415 339 542 410 414 475
314 316 415 339 542 410 414 475
314 316 415 339 542 410 414 475
314 316 415 339 542 410 414 475
