414 467 465 464 466 488 415 491
414 467 465 463 465 488 415 491
414 467 465 463 466 488 415 491
414 467 465 463 466 487 415 491
414 467 465 463 466 487 415 491
414 467 465 463 466 487 415 491
414 467 465 463 466 488 415 491
414 467 465 463 466 487 415 491
414 467 465 463 466 487 415 491
414 467 465 463 466 487 415 491
414 467 465 463 466 487 415 491
414 467 465 463 466 487 415 491
414 467 465 463 466 487 415 491
414 467 465 463 466 487 415 491
414 467 465 463 466 487 415 491
414 467 465 463 466 488 415 491
414 467 465 463 466 488 415 491
414 467 465 463 466 487 415 491
414 467 465 463 466 487 415 491
414 467 465 463 466 488 415 491
414 467 465 463 466 488 415 491
414 467 465 463 466 487 415 491
414 467 465 463 466 487 415 491
414 467 465 463 466 487 415 491
414 467 465 463 466 488 415 491
414 467 465 463 466 488 415 491
414 467 465 463 465 487 415 491
414 467 465 463 465 487 415 491
414 467 465 463 465 488 415 491
414 467 465 463 466 487 415 491
414 467 465 463 466 488 415 491
414 467 465 463 466 487 415 491
414 467 465 463 466 487 415 491
414 467 465 463 466 488 415 491
414 467 465 463 466 487 415 491
414 467 465 463 466 487 415 491
414 467 465 463 466 487 415 491
414 467 465 463 466 487 415 491
414 467 465 463 465 487 415 491
414 467 465 463 466 487 415 491
414 467 465 463 466 487 415 491
414 467 465 463 466 487 415 491
414 467 465 463 466 487 415 491
414 467 465 463 466 487 415 491
414 467 465 463 466 487 415 491
414 467 465 463 466 487 415 491
414 467 465 463 466 487 415 491
414 467 465 463 466 487 415 491
414 467 465 463 466 487 415 491
414 467 465 463 466 487 415 491
414 467 465 463 466 487 415 491
414 467 465 463 466 487 415 491
414 467 465 463 466 488 415 491
414 467 465 463 466 488 415 491
414 467 465 463 466 487 415 491
414 467 465 463 466 487 415 491
414 467 465 463 466 487 415 491
414 467 465 463 466 487 415 491
414 467 465 463 466 487 415 491
414 467 465 463 466 488 415 491
414 467 465 463 466 487 415 491
414 467 465 463 466 487 415 491
414 467 465 463 466 487 415 491
414 467 465 463 466 487 415 491
414 467 465 463 466 487 415 491
414 467 465 463 466 487 415 491
414 467 465 463 465 487 415 491
414 467 465 463 466 488 415 491
414 467 465 463 466 488 415 491
414 466 465 463 466 487 415 491
414 467 465 463 466 487 415 491
414 467 465 463 466 488 415 491
414 467 465 463 466 487 415 491
414 467 465 463 466 487 415 491
414 467 465 463 466 487 415 491
414 467 465 463 466 487 415 491
414 467 465 463 466 487 415 491
414 467 465 463 466 487 415 491
414 467 465 463 466 488 415 491
414 467 465 463 466 487 415 491
414 467 465 463 466 487 415 491
414 467 465 463 466 488 415 491
414 467 465 463 466 488 415 491
414 467 465 463 466 488 415 491
414 467 465 463 466 488 415 491
414 467 465 463 466 488 415 491
414 467 465 463 466 487 415 491
414 467 465 463 466 487 415 491
414 467 465 463 466 488 415 491
414 467 465 463 466 488 415 491
414 467 465 463 466 487 415 491
414 467 465 463 466 487 415 491
414 467 465 463 466 487 415 491
414 467 465 463 466 488 415 491
414 467 465 463 466 487 415 491
414 467 465 463 466 488 415 491
414 467 465 463 466 487 415 491
414 467 465 463 466 488 415 491
414 467 465 463 466 487 415 491
414 467 465 463 466 488 415 491
414 467 465 463 466 488 415 491
414 467 465 463 466 488 415 491
414 467 465 463 466 487 415 491
414 467 465 463 466 488 415 491
414 467 465 463 466 488 415 491
414 467 465 464 466 488 415 491
414 467 465 464 466 488 415 491
414 467 465 463 466 488 415 491
414 467 465 463 466 488 415 491
414 467 465 463 466 488 415 491
414 467 465 463 466 488 415 491
414 467 465 463 466 488 415 491
414 467 465 463 466 488 415 491
414 467 465 463 466 488 415 491
414 467 465 463 466 488 415 491
414 467 465 463 466 488 415 491
414 467 465 463 466 488 415 491
414 467 465 463 466 488 415 491
414 467 465 463 466 488 415 491
414 467 465 464 466 488 415 491
414 467 465 463 466 488 415 491
414 467 465 464 466 488 415 491
414 467 465 463 466 488 415 491
414 467 465 463 466 488 415 491
414 467 465 463 466 488 415 491
414 467 465 463 466 488 415 491
414 467 465 463 466 488 415 491
414 467 465 463 466 488 415 491
414 467 465 463 466 488 415 491
414 467 465 463 466 488 415 491
414 467 465 463 466 488 415 491
414 466 465 463 466 488 415 491
414 466 465 463 466 488 415 491
414 466 465 463 466 488 415 491
414 466 465 463 466 488 415 491
414 466 465 463 466 488 415 491
414 466 465 463 466 487 415 491
414 466 465 463 466 487 415 491
414 466 465 463 466 487 415 491
414 466 465 463 466 488 415 491
414 466 465 463 466 488 415 491
414 466 465 463 466 488 415 491
414 466 465 463 466 488 415 491
414 466 465 463 466 488 415 491
414 466 465 463 466 488 415 491
414 466 465 463 466 488 415 491
414 466 465 464 466 488 415 491
414 467 465 464 466 488 415 491
414 467 465 464 466 488 415 491
414 467 465 464 466 488 415 491
414 467 465 464 466 488 415 491
414 467 465 464 466 488 415 491
414 467 465 464 466 488 415 491
414 467 465 464 466 488 415 491
414 467 465 464 466 488 415 491
414 467 465 464 466 488 415 491
414 468 465 464 466 489 415 492
414 468 465 465 466 489 415 492
414 468 465 465 467 489 415 492
414 469 466 466 467 490 416 493
415 470 466 466 468 490 416 494
416 470 467 466 469 491 417 494
416 471 468 467 469 491 417 495
417 472 468 467 470 492 418 496
417 472 469 468 471 493 418 496
418 473 469 469 472 493 419 497
419 473 471 469 473 494 420 498
420 474 472 470 475 494 422 499
422 475 474 470 477 495 424 499
423 476 475 471 478 496 425 500
424 476 477 472 480 496 426 501
426 477 479 472 482 497 428 502
427 478 481 473 483 498 430 503
429 479 484 474 486 499 432 504
432 480 487 475 490 499 435 505
434 482 489 476 492 500 437 506
435 483 490 477 493 501 438 507
437 484 493 477 495 502 440 508
440 485 496 478 498 503 443 509
442 486 499 479 501 504 446 510
445 487 501 480 504 505 448 511
447 488 504 481 506 506 451 513
449 490 506 482 509 507 453 514
451 491 508 483 511 507 455 515
454 492 511 483 514 508 458 516
457 494 514 484 517 509 461 518
460 495 517 485 520 510 464 519
463 496 520 486 523 511 467 520
465 497 522 487 526 512 470 521
467 498 524 487 528 512 472 522
470 499 527 488 530 513 474 523
473 500 530 489 533 514 477 524
477 501 533 489 537 514 481 525
480 502 536 490 540 514 484 525
482 503 538 490 542 515 487 526
485 504 541 491 545 516 490 527
489 505 545 491 549 516 494 528
493 506 548 492 552 517 497 529
496 507 551 493 555 518 501 530
500 508 555 494 559 519 505 532
506 510 560 495 564 519 510 533
511 511 565 495 569 520 516 534
516 513 569 497 574 521 521 535
521 514 573 498 578 523 525 537
525 516 577 499 582 524 530 538
529 517 581 500 585 525 534 540
532 519 584 501 589 526 537 541
536 520 587 502 592 527 541 543
539 521 590 503 595 528 544 544
542 522 593 504 598 529 547 544
545 523 595 504 600 529 550 545
546 523 596 505 601 530 551 546
547 523 597 505 602 530 552 546
548 523 598 506 603 531 552 546
548 523 598 506 603 531 552 546
548 523 598 506 603 531 552 546
548 523 598 506 603 531 552 546
548 524 598 506 603 531 552 546
547 524 597 505 602 531 552 546
547 524 597 505 602 530 552 546
547 524 597 505 602 531 552 546
547 524 597 506 602 531 552 546
547 524 597 506 602 531 552 546
547 524 597 506 602 531 552 546
547 524 597 505 602 530 552 546
547 524 597 505 602 530 552 546
547 524 597 505 602 530 552 546
547 523 597 505 602 530 552 546
547 523 596 505 601 530 552 546
547 523 596 504 601 529 552 545
546 523 595 504 600 529 551 545
546 522 595 503 600 528 551 545
546 522 594 503 599 528 550 544
545 522 593 502 598 527 550 544
545 521 592 501 597 526 550 543
544 520 591 500 596 525 550 542
544 520 590 499 595 524 550 541
543 519 589 498 594 523 549 540
542 518 587 498 592 523 548 540
541 518 585 497 590 522 546 539
540 517 583 497 589 521 545 538
538 517 581 496 587 520 544 538
537 516 579 495 584 520 542 537
535 515 577 495 582 519 540 536
532 515 574 494 579 518 538 535
530 514 572 493 577 517 535 534
528 513 569 492 574 516 533 533
525 512 567 490 571 515 530 532
522 511 564 489 568 514 528 531
519 510 560 488 565 513 524 530
516 509 557 487 561 512 521 529
513 508 554 486 558 511 518 528
509 507 550 486 554 510 514 527
506 506 546 485 551 509 511 526
502 505 543 484 547 508 507 524
499 504 539 483 543 507 504 523
495 503 535 482 540 506 500 522
491 502 532 481 536 505 496 521
488 501 528 480 533 504 493 520
484 500 525 479 529 503 489 519
481 499 521 478 526 502 486 518
478 498 518 477 523 501 482 517
474 497 515 476 519 500 479 516
470 496 511 475 516 499 475 515
466 495 507 475 512 498 471 514
462 494 503 474 508 497 467 513
459 493 499 473 505 496 463 512
455 492 496 471 501 495 459 511
451 491 492 471 497 494 456 510
447 490 489 470 494 493 452 509
444 489 485 469 490 492 448 507
440 488 482 468 487 491 444 507
436 487 478 468 483 490 441 506
432 486 474 467 480 489 437 505
429 485 471 466 476 489 433 504
424 484 467 465 473 488 429 503
420 483 463 464 469 487 425 502
416 482 459 464 465 486 421 501
411 481 456 463 461 486 416 500
407 480 452 462 457 485 412 499
403 479 449 461 453 484 408 498
398 478 445 460 450 483 404 497
394 477 441 459 447 481 399 496
390 476 437 458 445 480 395 495
386 474 434 458 443 479 391 494
382 473 430 457 440 478 387 493
378 472 426 456 437 478 383 492
374 471 423 456 434 477 379 491
370 470 419 455 431 477 375 490
366 470 415 455 427 477 371 490
363 469 412 454 424 476 368 489
361 468 410 454 422 476 366 488
360 467 408 453 420 475 364 487
358 466 407 453 419 475 363 486
357 465 405 452 417 474 361 485
355 464 404 451 416 473 360 484
354 463 402 450 414 473 358 483
353 462 401 450 413 472 357 482
352 461 399 449 411 471 356 481
350 460 398 448 410 471 354 481
349 460 397 448 409 470 353 480
348 459 396 447 408 470 352 479
347 458 394 447 406 469 350 478
346 458 393 446 405 469 350 478
345 457 393 446 405 469 349 478
345 457 392 446 404 469 349 478
345 458 392 447 404 469 348 478
345 458 393 447 404 470 349 478
345 459 393 448 405 470 349 479
345 459 393 448 405 471 349 480
345 460 393 449 405 472 349 481
345 461 394 450 405 473 349 481
345 462 393 451 405 474 348 482
345 462 393 452 405 475 348 483
345 463 394 452 405 476 348 484
345 464 393 453 405 477 347 485
345 464 393 454 405 478 347 485
344 465 393 455 404 479 346 486
344 466 393 456 404 480 345 487
343 467 393 458 403 481 345 488
343 468 393 459 403 483 344 489
342 469 393 460 402 484 343 490
341 470 393 462 402 485 342 491
340 471 393 463 401 487 341 492
339 472 392 465 400 488 340 493
338 473 392 466 399 490 338 494
337 474 392 468 399 491 337 495
336 475 391 469 398 492 336 496
334 476 391 470 397 493 335 497
333 476 390 471 396 494 333 498
332 477 389 473 395 495 332 499
331 478 389 474 394 496 331 499
330 478 388 475 393 497 330 500
329 479 387 477 392 498 329 501
327 480 386 478 391 499 327 502
326 482 385 479 390 500 326 503
324 483 384 481 389 502 324 505
322 484 382 483 387 504 322 506
320 486 381 484 386 505 320 508
319 488 379 486 384 507 319 510
317 489 378 488 383 508 317 511
315 491 376 490 381 510 315 513
313 492 374 492 380 512 313 514
311 494 372 493 378 513 311 516
309 495 370 495 376 515 309 518
307 497 369 497 375 517 307 519
304 498 367 499 373 518 304 521
302 500 365 500 371 520 302 522
300 501 363 502 370 522 300 524
298 502 361 503 368 523 298 525
297 503 360 505 367 524 297 526
295 504 358 506 366 525 295 527
294 505 357 507 364 526 294 528
292 506 356 508 363 527 292 529
291 507 354 509 362 528 291 530
289 508 353 510 361 529 289 531
288 509 352 511 360 530 288 532
287 510 351 512 359 531 287 533
286 511 350 513 358 532 286 534
285 511 350 513 358 532 286 534
285 512 349 514 357 533 285 535
285 512 349 514 357 533 285 535
285 512 349 514 357 533 285 535
285 512 349 514 357 533 285 535
285 512 349 514 357 533 285 535
285 512 349 514 357 533 285 535
285 512 350 514 358 533 285 535
285 511 350 513 358 532 286 534
286 511 350 513 358 532 286 534
286 511 350 513 358 532 286 534
287 510 351 512 359 531 287 533
287 510 351 512 359 531 288 533
288 509 352 511 360 530 288 532
289 509 353 510 360 530 289 532
290 508 353 510 361 529 290 531
291 507 354 509 362 528 291 530
292 507 355 508 363 527 292 529
293 506 357 507 364 526 294 528
295 505 358 506 366 525 295 527
297 504 360 505 367 524 297 526
299 502 362 503 369 523 299 525
301 501 363 502 371 521 301 524
303 500 365 500 372 520 303 522
305 498 367 499 374 518 305 520
308 496 369 497 376 517 308 519
310 495 372 495 378 515 310 517
313 493 374 493 380 513 313 515
315 491 376 491 382 511 315 514
318 490 378 489 384 509 318 512
320 488 381 487 386 508 320 510
323 486 383 485 388 506 323 508
326 484 385 483 390 504 326 506
328 482 387 481 393 502 328 504
331 480 390 479 395 500 331 502
333 479 391 477 396 498 333 500
335 477 393 475 398 496 335 499
337 476 395 473 400 494 337 497
339 474 396 471 401 493 339 496
341 473 398 470 403 492 341 494
343 472 399 468 404 490 343 493
345 471 401 467 407 489 346 492
348 469 403 465 409 488 348 491
350 468 405 464 410 487 350 490
352 468 406 463 413 486 353 489
355 467 408 461 415 485 355 488
357 467 409 460 417 484 358 488
359 466 409 459 418 483 359 487
360 465 410 458 419 482 361 487
361 465 410 458 420 481 362 486
362 464 410 457 420 480 363 485
362 463 410 456 421 479 363 485
363 462 411 455 421 478 364 484
363 462 411 454 421 478 364 483
363 461 411 453 421 477 365 482
364 460 411 452 421 476 365 481
364 459 411 451 422 475 366 480
364 458 411 450 422 474 366 479
365 457 411 449 422 473 367 478
365 456 411 448 422 472 367 477
365 455 411 447 422 471 367 476
365 454 411 446 422 470 368 475
366 453 411 445 422 468 368 474
366 452 411 444 423 467 368 473
366 452 412 443 423 466 369 472
367 451 412 442 424 465 370 471
367 450 412 441 424 464 371 471
368 450 412 440 425 463 371 470
368 450 412 440 425 462 372 470
368 450 413 440 425 462 372 469
369 450 413 439 425 462 373 469
369 450 413 439 425 462 373 469
369 450 413 439 425 462 373 469
369 450 413 439 426 462 373 469
369 450 413 439 426 462 373 469
369 450 413 440 426 462 373 469
370 450 414 440 426 462 374 470
370 450 414 440 427 462 374 470
370 451 415 440 427 463 375 470
371 451 416 441 428 463 375 471
372 452 417 442 429 464 376 472
373 453 418 443 431 465 377 473
375 454 420 443 432 466 379 474
376 455 422 444 434 467 380 475
378 456 423 445 436 468 382 476
379 458 425 446 437 469 384 477
381 459 427 447 439 469 385 479
383 460 429 448 441 470 387 480
384 461 430 449 442 471 389 481
386 462 432 450 444 471 391 482
387 463 434 450 445 472 392 483
389 464 436 451 447 473 394 484
391 465 438 452 448 473 396 485
393 466 439 452 449 474 398 486
395 467 441 453 450 474 400 487
397 468 443 453 452 475 402 487
399 469 445 454 453 475 405 488
402 470 448 455 455 476 407 489
405 471 450 455 456 477 410 490
407 472 452 456 458 477 413 491
410 473 454 456 460 478 416 492
413 473 456 457 462 479 418 492
416 474 459 457 464 479 421 493
419 475 461 458 467 480 424 494
422 476 463 459 469 480 427 495
424 477 465 459 472 481 429 496
427 478 468 460 474 481 432 497
430 479 470 460 477 482 435 497
433 479 473 461 480 483 438 498
436 480 476 461 483 483 441 499
439 481 480 462 486 484 444 500
443 482 483 463 490 485 448 501
447 483 487 464 494 486 452 502
451 484 491 465 498 487 456 503
456 485 496 466 502 488 460 504
460 487 500 467 506 490 464 506
464 488 504 468 510 491 468 507
467 489 508 470 514 492 472 508
470 490 512 471 518 494 475 510
473 491 515 472 521 495 477 511
475 493 518 474 523 497 480 513
477 494 521 475 526 498 482 514
479 495 523 476 529 499 484 515
480 496 526 477 531 501 485 516
481 497 528 478 533 502 486 517
482 497 530 479 535 503 486 518
482 498 532 481 536 505 487 519
482 498 534 482 538 506 487 520
483 498 535 483 540 507 487 520
483 498 536 484 541 508 487 521
482 499 537 485 542 510 487 522
482 499 538 486 542 511 487 522
482 499 539 487 543 512 486 523
481 499 539 488 543 513 486 523
481 499 539 489 543 514 485 524
480 500 539 490 542 515 484 524
480 500 539 491 542 516 484 525
479 500 539 492 542 517 483 525
479 501 539 493 542 519 483 526
479 501 539 494 542 520 482 526
478 502 538 495 541 521 481 527
478 502 538 497 541 523 481 528
478 503 538 498 541 524 480 529
477 504 538 499 541 526 480 530
477 506 538 501 541 527 480 531
477 507 539 502 541 529 479 533
477 508 539 504 541 531 479 534
477 510 539 506 541 533 479 536
477 512 539 507 541 534 479 538
477 513 539 509 541 536 478 540
476 515 539 510 541 538 478 541
476 516 539 512 541 539 477 542
476 517 539 513 541 541 477 544
476 519 539 515 541 543 477 545
476 520 540 516 541 544 477 547
475 521 540 518 541 545 476 548
475 522 540 519 541 547 476 549
475 523 540 519 541 547 476 549
475 523 540 520 541 548 476 550
475 523 540 520 541 548 476 550
475 524 540 520 541 549 476 551
475 524 540 520 541 549 476 551
475 524 540 520 541 549 476 551
475 524 540 520 542 548 476 550
475 524 540 520 542 548 476 550
476 524 541 520 542 548 477 550
476 524 541 520 543 548 477 551
477 524 542 520 544 548 479 551
479 524 544 520 546 548 480 551
479 524 544 519 546 547 481 551
480 524 545 519 547 547 482 551
481 524 546 519 548 547 483 551
481 524 546 518 548 546 483 551
481 524 546 518 549 546 484 550
482 524 547 517 550 545 485 550
483 523 548 517 550 544 486 550
483 523 548 516 551 544 487 550
484 523 548 515 551 543 488 550
484 523 549 514 552 541 489 549
485 523 549 513 552 540 489 549
485 523 549 512 552 539 490 548
486 522 549 511 552 538 491 548
486 522 549 510 552 537 491 547
487 522 549 509 552 536 492 547
487 521 548 508 552 535 492 546
487 521 547 507 552 533 493 545
487 520 547 506 551 532 492 544
487 520 546 505 550 531 493 544
486 519 544 504 549 530 492 543
485 518 543 502 548 528 491 541
484 517 541 501 546 526 490 540
483 516 539 499 544 525 489 539
481 514 537 498 542 523 487 537
479 513 534 496 540 521 485 535
477 511 532 494 537 519 483 533
475 509 529 492 534 517 480 531
472 507 525 490 531 515 477 529
468 505 522 488 527 513 474 527
465 503 517 486 523 511 470 524
461 500 513 484 518 509 466 522
456 498 508 482 514 506 462 519
452 495 503 479 509 504 457 517
447 493 499 477 504 501 453 514
444 490 494 475 500 499 449 511
440 488 490 473 496 497 445 509
436 486 486 471 492 495 442 506
433 484 483 469 489 493 438 504
430 482 480 467 485 491 435 502
427 480 476 466 482 489 433 501
424 478 473 464 479 488 430 499
422 477 470 462 477 486 427 497
419 475 468 461 474 485 424 496
416 474 465 460 471 483 422 495
414 473 462 458 468 482 419 493
412 472 460 457 466 480 417 492
410 470 458 456 464 479 416 490
409 469 456 455 462 479 414 489
407 468 455 455 461 478 413 488
406 467 454 454 459 477 411 487
404 466 452 453 458 476 409 486
402 465 450 453 456 476 408 485
400 464 448 452 454 475 405 484
398 463 446 452 452 475 402 484
395 463 443 452 450 475 400 483
392 462 440 451 448 474 396 483
388 461 437 451 445 474 393 482
385 461 434 451 442 475 389 482
381 461 430 451 439 475 385 482
379 461 427 452 437 476 382 482
378 461 426 452 436 476 381 482
378 461 426 452 436 477 381 483
378 462 426 453 436 477 381 483
378 463 426 454 436 478 381 484
378 464 427 454 436 479 381 485
379 465 427 456 436 480 381 486
379 466 428 457 437 481 382 487
380 467 429 458 438 482 382 489
380 469 429 460 438 484 383 491
380 471 430 461 438 485 383 492
380 472 430 463 439 487 383 494
380 474 431 465 439 488 383 496
380 475 431 466 439 490 383 498
380 477 431 468 439 492 383 499
380 478 431 469 439 493 382 501
381 479 432 471 439 494 383 502
381 480 432 472 439 496 383 503
381 482 433 473 439 497 383 505
381 483 433 474 439 498 383 506
381 484 433 475 440 499 383 507
381 485 433 476 440 500 383 508
381 486 434 477 440 501 383 509
381 487 434 478 440 502 383 510
381 488 434 478 440 503 383 511
381 488 434 479 441 503 383 511
381 488 434 479 441 503 383 511
381 488 434 479 441 503 383 511
381 488 434 479 441 503 383 511
381 488 434 479 441 503 383 511
381 488 434 479 441 503 383 511
381 488 434 479 441 503 383 511
381 488 434 479 441 503 383 511
381 488 434 479 441 503 383 511
381 488 434 479 441 503 383 511
381 488 434 479 441 503 383 511
381 488 434 479 441 503 383 511
381 488 434 479 441 503 383 511
381 488 434 479 441 503 383 511
381 488 434 479 441 503 383 511
381 488 434 479 441 503 383 511
381 488 434 479 441 503 383 511
381 488 434 479 441 503 383 511
381 488 434 479 441 503 383 511
381 488 434 479 441 503 383 511
381 488 434 479 441 503 383 511
381 488 434 479 441 503 383 511
381 488 434 479 441 503 383 511
381 488 434 479 441 503 383 511
381 488 434 479 441 503 383 511
381 488 434 479 441 503 383 511
381 488 434 479 441 503 383 511
381 488 434 479 441 503 383 511
381 488 435 479 441 503 383 511
381 488 435 479 441 503 383 511
381 488 435 479 441 503 383 511
381 488 435 479 441 503 383 511
381 488 434 479 441 503 383 512
381 488 434 479 441 503 383 512
381 488 434 479 441 503 383 512
381 488 434 479 441 503 383 512
381 488 434 479 441 503 383 512
381 489 434 479 441 503 383 512
381 488 434 479 441 503 383 512
381 488 434 479 441 503 383 511
381 488 435 479 441 503 383 511
381 488 435 479 441 503 383 511
381 488 435 479 441 503 383 511
381 488 435 479 441 503 383 511
381 488 435 479 441 503 383 511
381 488 435 479 441 503 383 511
381 488 435 479 441 503 383 511
381 488 435 479 441 503 383 511
381 488 435 479 441 503 383 511
381 488 435 479 441 503 383 511
381 488 435 479 441 503 383 511
381 488 435 479 441 503 383 511
381 488 435 479 441 503 383 511
381 488 435 479 441 503 383 511
381 488 435 479 441 503 383 511
381 488 435 479 441 503 383 511
381 488 435 479 441 503 383 511
381 488 435 479 441 503 383 511
381 488 435 479 441 503 383 511
381 488 435 479 441 503 383 511
381 488 435 479 441 503 383 511
381 488 435 479 441 503 383 511
381 488 435 479 441 503 383 511
381 488 435 479 441 503 383 511
381 488 435 479 441 503 383 511
381 488 435 479 441 503 383 511
381 488 435 479 441 503 383 511
381 488 435 479 441 503 383 511
381 488 435 479 441 503 383 511
381 488 435 479 441 503 383 511
381 488 435 479 441 503 383 511
381 488 435 479 441 503 383 511
381 488 435 479 441 503 383 511
381 488 435 479 441 503 383 511
381 488 435 479 441 503 383 511
381 488 435 479 441 503 383 511
381 488 435 479 441 503 383 511
381 488 435 479 441 503 383 511
381 488 435 479 441 503 383 511
381 488 435 479 441 503 383 511
381 488 435 479 441 503 383 511
381 488 435 479 441 503 383 511
381 488 435 479 441 503 383 511
381 488 435 479 441 503 383 511
381 488 435 479 441 503 383 511
381 488 435 479 441 503 383 512
381 488 435 479 441 503 383 511
381 488 435 479 441 503 383 511
381 488 435 479 441 503 383 511
381 488 435 479 441 503 383 512
381 488 435 479 441 503 383 511
381 488 435 479 441 503 383 511
381 488 435 479 441 503 383 511
381 488 435 479 441 503 383 511
381 488 435 479 441 503 383 511
381 488 435 479 441 503 383 511
381 488 435 479 441 503 383 512
381 488 435 479 441 503 383 512
381 488 435 479 441 503 383 512
381 488 435 479 441 503 383 512
381 488 435 479 441 503 383 511
381 488 435 479 441 503 383 511
381 488 435 479 441 503 383 511
381 488 435 479 441 503 383 511
381 488 435 479 441 503 383 512
381 488 435 479 441 503 383 512
381 488 435 479 441 503 383 512
381 488 435 479 441 503 383 511
381 488 435 479 441 503 383 511
381 488 435 479 441 503 383 511
381 488 435 479 441 503 383 512
381 488 435 479 441 503 383 512
381 488 435 479 441 503 383 512
381 488 435 479 441 503 383 512
