38 323 202 308 216 517 54 540
38 322 202 308 216 517 54 540
38 322 202 308 215 517 53 539
38 322 202 308 216 516 53 539
38 322 202 308 215 516 53 539
38 322 201 308 216 516 54 539
38 322 202 308 215 516 53 539
38 323 202 308 215 516 53 539
38 322 202 308 216 516 53 539
38 322 202 308 215 516 53 539
38 322 202 308 215 516 53 539
38 322 202 308 215 516 53 539
38 322 202 308 215 516 53 539
38 322 202 308 215 516 53 539
38 323 202 308 215 516 53 539
38 322 202 308 215 516 53 539
38 322 202 308 215 516 53 539
38 322 202 308 215 516 53 539
38 322 202 308 215 517 53 539
38 322 202 308 215 517 53 539
38 322 202 308 215 517 54 539
38 322 202 308 215 517 54 539
38 323 202 308 215 517 54 539
38 322 202 308 216 517 53 539
38 322 202 308 215 517 53 539
38 322 202 308 215 517 53 539
38 322 202 308 215 517 53 539
38 322 202 308 215 517 53 539
38 322 202 308 215 517 53 539
38 322 202 308 215 516 53 539
38 322 202 308 216 516 53 539
38 322 202 308 215 517 53 539
37 322 202 308 215 517 53 539
38 322 202 308 215 517 53 539
38 322 202 308 215 517 53 539
37 322 202 308 215 517 54 540
38 322 202 308 215 517 53 540
37 322 202 308 215 517 53 539
38 322 202 308 215 517 53 539
37 322 202 308 215 517 53 540
37 322 202 308 216 517 53 539
37 322 202 308 216 517 53 540
37 322 202 308 216 517 53 540
37 322 202 308 216 517 53 539
37 322 202 308 216 517 53 539
37 322 202 308 216 517 53 540
38 322 202 308 215 517 53 539
38 322 202 308 215 517 53 540
37 322 202 308 215 517 53 539
37 322 202 308 216 517 53 540
37 322 202 308 215 517 53 539
37 322 202 308 215 517 53 539
37 322 202 308 215 517 53 539
37 322 202 308 216 517 53 539
37 322 202 308 215 517 54 539
37 322 202 308 215 517 53 539
37 322 202 308 215 517 53 539
37 322 202 308 215 517 53 540
37 323 202 308 215 517 53 539
37 323 202 308 215 517 53 539
37 322 202 308 215 517 53 539
37 323 202 308 216 517 53 539
37 323 202 308 216 517 53 539
37 322 202 308 216 517 53 539
37 323 202 308 216 517 53 539
37 322 202 308 216 517 53 539
37 322 202 308 215 517 53 539
37 323 202 308 215 517 53 539
37 322 202 308 216 517 53 539
37 322 202 308 216 517 53 539
37 322 202 308 216 517 53 539
37 322 202 308 215 517 53 539
37 322 202 308 216 517 53 539
37 322 202 308 216 517 53 540
37 322 202 308 215 517 53 539
37 322 202 308 216 517 53 539
37 322 202 308 215 517 53 539
37 322 202 308 215 517 53 539
37 322 202 308 215 517 53 539
38 322 202 308 215 517 53 539
37 322 202 308 215 517 53 539
37 323 202 308 215 517 53 539
37 322 202 308 215 517 53 539
37 323 202 308 215 517 53 539
37 323 202 308 216 517 53 539
37 323 202 308 216 517 53 539
37 323 202 308 216 517 54 539
38 322 202 308 215 517 54 539
38 322 202 308 215 517 53 539
38 322 202 308 216 517 53 540
38 322 202 308 216 517 54 539
38 322 202 308 216 517 54 539
38 322 202 308 215 517 54 539
38 322 202 308 216 517 54 539
38 322 202 308 216 517 54 540
38 322 202 308 216 517 54 539
38 322 202 307 216 517 54 539
38 322 202 308 216 517 54 539
38 322 202 308 216 517 54 539
38 322 202 308 216 517 54 539
38 322 202 307 216 517 54 539
38 322 202 307 216 517 54 539
38 322 202 307 216 516 54 539
38 322 202 307 216 516 54 539
38 322 202 307 216 516 54 539
38 323 202 308 216 517 54 539
37 323 202 308 216 517 54 540
37 323 202 308 216 517 54 540
37 323 202 308 216 517 54 540
37 323 202 308 216 517 54 540
37 323 202 308 216 517 54 540
37 323 202 308 216 517 54 540
37 323 202 308 216 517 54 540
37 323 202 308 216 517 54 540
38 323 202 308 216 517 54 540
38 323 202 308 216 517 54 540
38 322 202 308 216 516 53 540
38 322 203 307 216 516 53 540
39 322 203 307 216 516 53 540
39 322 204 307 216 516 53 540
39 321 204 307 216 516 53 540
40 321 204 307 216 516 53 540
40 321 204 307 216 516 53 540
40 321 205 307 216 516 53 539
40 321 205 307 216 516 53 539
40 320 205 307 216 516 53 539
41 320 205 307 216 516 53 539
42 319 206 306 216 516 52 538
42 318 207 306 216 516 52 537
44 317 208 306 216 516 52 537
45 316 209 306 215 516 52 536
46 315 210 306 216 516 52 535
48 314 212 306 216 516 52 534
50 313 214 306 216 516 53 532
52 311 216 306 216 515 53 531
55 309 219 305 216 515 53 529
58 307 221 305 216 515 53 527
62 305 224 305 216 515 53 525
65 303 228 305 216 515 54 523
69 301 231 305 217 514 54 521
73 298 235 305 217 514 55 518
78 296 239 305 217 514 56 516
82 293 243 305 218 513 57 513
87 291 246 305 219 513 58 511
91 289 250 305 220 513 60 509
96 288 254 305 221 512 62 507
100 285 258 305 222 512 63 504
105 282 262 304 223 510 64 500
110 278 266 302 224 508 66 496
115 274 270 300 225 505 68 491
120 270 274 297 226 502 70 486
126 265 278 295 228 498 73 480
133 260 284 293 229 495 75 475
140 255 289 291 231 492 77 468
148 250 295 290 232 488 80 462
157 245 302 288 233 485 83 454
166 238 308 285 234 482 85 446
174 232 315 283 235 478 89 438
182 227 321 281 237 473 92 431
191 222 328 279 239 470 96 423
202 217 336 278 241 466 100 416
211 213 343 278 242 463 104 409
221 210 350 279 244 460 108 402
231 208 357 280 245 457 112 396
241 205 364 280 247 455 116 391
251 203 371 281 249 453 120 387
260 200 378 282 252 450 125 384
270 199 385 283 255 447 130 380
279 197 391 284 258 445 136 377
289 196 398 285 261 442 143 373
299 195 405 287 265 440 149 370
309 195 412 288 268 438 156 366
320 195 420 290 272 435 162 361
331 194 427 292 277 433 167 356
341 194 435 293 282 431 170 347
352 194 443 295 287 429 176 343
364 194 451 296 293 428 181 338
375 195 457 296 299 426 187 332
385 196 464 299 303 424 194 327
396 197 470 302 308 422 202 323
407 199 477 304 312 420 209 318
417 200 484 306 317 418 216 313
427 201 491 309 322 417 224 309
438 203 497 312 327 416 231 305
448 206 503 316 331 415 239 301
458 209 509 320 335 414 246 298
467 213 514 325 339 413 254 294
477 217 518 329 342 412 261 291
485 221 523 334 345 411 268 288
494 226 526 338 348 410 275 285
501 230 530 343 350 409 282 282
509 235 533 348 352 408 288 279
516 239 536 353 354 406 295 276
522 244 538 358 356 404 302 272
528 248 540 363 358 402 308 269
534 253 542 367 359 401 314 267
539 258 544 371 361 398 320 264
544 262 545 375 362 396 326 261
549 266 546 379 364 394 332 258
554 270 547 382 367 391 338 256
559 274 548 385 369 389 344 253
563 277 549 388 370 386 350 250
567 280 550 390 372 382 355 247
571 283 550 391 373 378 360 243
575 285 552 392 376 374 366 240
579 286 554 393 378 371 371 237
583 287 555 394 381 368 376 234
586 289 556 394 383 365 381 231
588 290 556 394 385 362 385 228
590 292 555 395 386 358 389 225
592 294 554 396 387 355 393 222
594 297 554 397 388 352 397 219
597 299 555 397 390 349 401 217
600 299 556 397 393 347 405 215
602 302 557 398 395 345 410 213
603 309 557 399 397 345 415 213
604 313 558 399 399 343 420 212
607 309 560 399 403 340 423 209
611 303 564 399 408 336 425 205
615 300 567 399 411 335 428 203
614 306 566 399 411 334 431 203
612 312 563 400 409 332 433 203
614 310 563 399 410 328 435 199
617 302 564 399 414 323 436 195
620 298 566 398 416 321 438 192
619 302 565 399 417 320 440 192
618 309 564 399 416 321 443 193
618 311 564 399 417 322 444 195
620 306 566 399 419 320 445 192
623 301 567 398 421 318 445 190
623 302 567 399 421 318 446 190
620 308 565 399 420 318 447 191
618 314 563 399 419 319 448 193
618 312 562 398 419 317 448 191
621 306 563 398 420 315 448 189
622 303 565 398 422 315 448 188
619 309 563 398 421 315 449 190
616 317 561 398 418 315 450 192
615 317 560 398 418 314 451 191
618 309 560 397 420 311 450 187
621 303 563 397 422 310 449 185
620 306 564 398 423 312 449 188
617 315 563 398 421 315 450 191
615 318 561 398 419 316 450 193
616 315 560 397 418 315 450 191
619 309 563 396 419 315 448 190
620 308 564 396 420 317 447 191
618 311 563 398 419 318 447 192
616 315 561 399 418 319 447 193
615 315 560 399 416 319 446 194
616 312 562 398 416 320 443 194
617 308 564 398 416 322 441 195
617 306 565 397 416 324 439 196
616 306 564 398 415 326 437 197
614 308 563 398 413 327 436 199
613 308 562 398 411 329 434 200
613 306 562 398 410 331 431 202
612 305 562 398 408 333 429 203
611 303 562 397 407 334 426 203
610 303 561 397 405 335 424 204
609 302 560 397 403 337 421 205
607 302 560 397 402 338 419 207
606 301 560 397 400 340 416 209
605 300 560 396 399 342 413 210
604 299 559 396 397 344 411 212
603 298 559 396 396 346 408 214
602 297 559 395 394 348 405 215
600 296 558 395 393 349 402 217
599 294 558 394 391 351 399 219
598 292 558 393 390 353 396 220
596 290 558 391 389 354 393 223
595 288 558 390 387 356 389 225
593 285 558 388 386 358 385 227
590 281 558 385 384 360 380 230
588 278 558 383 382 362 376 232
584 274 557 380 381 365 370 236
581 270 557 377 379 367 365 239
577 265 556 373 377 370 360 242
573 260 556 369 376 372 354 246
569 256 556 365 376 376 350 251
565 252 556 361 376 381 345 258
561 248 556 357 377 385 341 264
557 244 556 353 378 389 337 271
552 240 555 349 378 393 332 277
546 236 554 345 379 397 328 283
540 232 553 340 380 400 324 290
534 227 552 335 381 404 320 296
528 223 550 329 382 407 317 302
521 218 548 324 384 410 314 308
513 213 546 318 385 412 311 314
506 209 543 312 386 415 307 320
497 205 540 307 387 416 303 325
488 202 536 302 386 418 299 331
480 199 532 297 386 419 296 336
471 196 528 292 387 420 292 342
461 192 524 287 387 421 289 347
452 189 519 281 388 421 286 352
442 186 514 276 388 422 282 357
432 184 509 270 387 422 278 362
422 182 504 265 386 422 275 366
412 181 499 261 385 423 270 371
402 180 493 258 383 424 266 375
393 180 487 256 381 425 261 380
383 181 482 254 380 427 257 385
374 182 476 252 377 429 252 390
365 184 469 251 375 431 247 395
355 187 463 251 372 433 242 400
344 189 456 250 370 435 237 406
333 191 448 249 367 437 232 411
321 194 440 248 364 438 226 417
309 196 432 246 361 439 221 423
297 199 422 245 358 440 216 429
284 203 412 244 354 441 210 434
272 206 403 244 350 442 205 440
260 210 393 243 346 444 200 445
248 214 385 243 342 445 195 450
237 218 375 244 338 447 190 456
226 222 367 245 333 449 185 461
216 227 358 247 328 451 180 466
206 232 349 250 322 453 174 472
196 237 341 252 317 456 169 477
187 242 333 254 312 459 164 482
179 246 326 257 306 463 158 486
172 251 319 262 301 467 152 491
164 256 313 266 297 472 146 496
157 261 307 270 296 475 141 500
150 266 300 273 292 479 137 505
143 271 294 276 289 482 132 509
137 275 288 279 285 485 128 513
130 278 282 282 282 486 123 516
124 282 276 284 279 488 119 519
117 285 269 285 276 489 115 522
110 288 263 287 272 490 110 526
103 291 257 289 267 493 106 529
97 294 251 291 263 495 101 532
91 297 246 294 259 497 96 534
86 300 241 296 255 500 92 537
81 303 236 299 251 502 88 540
75 306 232 301 248 505 84 542
71 309 227 303 244 507 80 545
66 311 223 306 241 510 77 547
61 314 219 308 239 512 74 550
57 317 215 310 236 514 71 552
54 319 212 310 234 515 69 553
50 319 208 310 232 514 67 554
48 320 206 310 230 514 65 554
45 320 204 310 229 514 64 555
43 320 202 310 227 513 63 555
41 321 200 309 226 513 62 555
40 321 199 309 225 512 61 555
39 321 198 309 225 512 60 555
39 321 198 309 224 512 60 555
39 321 198 309 224 513 59 555
39 321 198 309 224 513 59 555
39 321 198 309 224 513 59 556
40 321 198 310 224 513 59 556
40 320 198 310 224 514 58 556
40 320 198 310 224 514 58 556
40 320 198 309 224 514 58 556
40 320 198 309 224 513 58 556
40 320 198 309 224 513 58 557
41 320 198 309 224 513 58 557
41 320 198 309 224 513 58 557
41 320 198 309 224 513 58 557
41 320 198 309 224 513 58 557
41 319 199 309 224 513 58 557
41 319 199 309 224 513 58 557
41 319 199 309 224 513 58 557
41 319 199 309 224 513 58 557
41 319 199 308 224 513 58 557
42 319 199 308 224 513 58 556
42 319 199 308 224 513 58 556
42 318 199 308 224 513 58 556
42 318 199 308 224 513 58 556
42 319 199 308 224 513 58 556
42 319 199 308 224 513 58 556
42 319 199 308 224 513 58 556
42 319 199 308 224 513 58 556
42 319 199 308 224 513 58 556
42 319 199 308 224 513 58 556
42 319 199 308 224 513 58 556
42 319 199 308 224 513 58 556
42 318 199 308 224 513 58 556
42 318 199 308 224 513 58 556
42 318 199 308 224 513 58 556
42 318 199 308 224 513 58 556
42 318 199 308 224 513 58 556
42 318 199 308 224 513 58 556
42 319 199 308 224 513 58 556
42 319 199 308 224 513 58 556
42 319 199 308 224 513 58 556
42 319 199 308 224 513 58 556
42 319 199 308 224 513 58 556
42 318 199 308 224 513 58 556
42 318 199 308 224 513 58 556
42 318 199 308 224 513 58 556
42 318 199 308 224 513 58 556
42 318 199 308 224 513 58 556
42 318 199 308 224 513 58 556
42 318 199 308 224 513 58 556
42 319 199 308 224 513 58 556
42 319 199 308 224 513 58 556
42 319 199 308 224 513 58 556
42 319 199 309 224 513 58 556
42 319 199 309 224 513 58 556
42 319 199 308 224 513 58 556
42 319 199 308 224 513 58 556
42 319 199 308 224 513 58 556
42 318 199 308 224 513 58 556
42 318 199 308 224 513 58 556
42 319 199 308 224 513 58 556
42 319 199 308 224 513 58 556
42 319 199 308 224 513 58 556
42 319 199 308 224 513 58 556
42 319 199 308 224 513 58 556
42 319 199 308 224 513 58 556
42 319 199 308 224 513 58 556
42 319 199 308 224 513 58 556
42 319 199 308 224 513 58 556
42 319 199 308 224 513 58 556
42 319 199 308 224 513 58 556
42 319 199 308 224 513 58 556
42 319 199 308 224 513 58 556
42 319 199 308 224 513 58 556
42 319 199 308 224 513 58 556
42 319 199 308 224 513 58 556
42 319 199 308 224 513 58 556
42 319 199 308 224 513 58 556
42 319 199 308 224 513 58 556
42 319 199 308 224 513 58 556
42 319 199 308 224 513 58 556
42 319 199 308 224 513 58 556
42 319 199 308 224 513 58 556
42 319 199 308 224 513 58 556
42 319 199 308 224 513 58 556
42 319 199 308 224 513 58 556
42 319 199 308 224 513 58 556
42 319 199 308 224 513 58 556
42 319 199 308 224 513 58 556
42 319 199 308 224 513 58 556
42 319 199 308 224 513 58 556
42 319 199 308 224 513 58 556
42 319 199 308 224 513 58 556
42 319 199 308 224 513 58 556
42 319 199 308 224 513 58 556
42 319 199 308 224 513 58 556
42 319 199 308 224 513 58 556
42 319 199 308 224 513 58 556
42 319 199 308 224 513 58 556
42 319 199 308 224 513 58 556
42 319 199 308 224 513 58 556
42 319 199 308 224 513 58 556
42 319 199 308 224 513 58 556
42 319 199 308 224 513 58 556
42 319 199 308 224 513 58 556
42 319 199 308 224 513 58 556
42 319 199 308 224 513 58 556
42 319 199 308 224 513 58 556
42 319 199 308 224 513 58 556
42 319 199 308 224 513 58 556
42 319 199 308 224 513 58 556
42 319 199 308 224 513 58 556
42 319 199 308 224 513 58 556
42 319 199 308 224 513 58 556
42 319 199 308 224 513 58 556
42 319 199 308 224 513 58 556
42 319 199 308 224 513 58 556
42 319 199 308 224 513 58 556
42 319 199 308 224 513 58 556
42 319 199 308 224 513 58 556
42 319 199 308 224 513 58 556
42 319 199 308 224 513 58 556
42 319 199 308 224 513 58 556
42 319 199 308 224 513 58 556
42 319 199 308 224 513 58 556
42 319 199 308 224 513 58 556
42 319 199 308 224 513 58 556
42 319 199 308 224 513 58 556
42 319 199 308 224 513 58 556
42 319 199 308 224 513 58 556
42 319 199 308 224 513 58 556
42 319 199 308 224 513 58 556
42 319 199 308 224 513 58 556
42 319 199 308 224 513 58 556
42 319 199 308 224 513 58 556
42 319 199 308 224 513 58 556
42 319 199 308 224 513 58 556
42 319 199 308 224 513 58 556
42 319 199 308 224 513 58 556
42 319 199 308 224 513 58 556
42 319 199 308 224 513 58 556
42 319 199 308 224 513 58 556
42 319 199 308 224 513 58 556
42 319 199 308 224 513 58 556
42 319 199 308 224 513 58 556
42 319 199 308 224 513 58 556
42 319 199 308 224 513 58 556
