305.00	289.00	400.00	284.00	406.00	437.00	312.00	440.00
305.09	289.07	399.99	284.03	406.00	437.01	311.99	440.01
305.06	289.03	399.98	284.03	405.99	437.01	312.00	440.01
305.06	289.05	399.97	284.04	406.01	437.01	311.99	440.01
305.08	289.07	399.97	284.03	406.00	437.01	312.00	440.00
305.06	289.04	399.97	284.04	406.01	437.02	312.00	440.01
305.07	289.05	399.99	284.03	405.99	437.01	312.00	440.00
305.02	289.05	399.95	284.07	406.02	437.01	311.99	440.01
305.06	289.06	399.95	284.06	406.01	437.02	312.00	440.01
305.08	289.06	399.96	284.06	406.00	437.03	311.99	440.02
305.05	289.05	399.96	284.04	406.01	437.02	312.00	440.02
305.07	289.05	399.97	284.04	406.00	437.02	312.00	440.01
305.07	289.04	399.96	284.07	406.00	437.01	311.99	440.02
305.05	289.01	399.99	284.03	406.00	437.01	312.00	440.00
305.09	289.03	399.99	284.03	406.00	437.01	312.00	440.01
305.08	289.02	399.96	284.04	406.01	437.03	312.00	440.01
305.06	289.02	399.98	284.04	406.00	437.00	312.00	440.00
305.08	289.03	399.99	284.03	406.00	437.02	311.99	440.01
305.08	289.03	399.97	284.04	406.00	437.02	312.00	440.02
305.08	289.03	399.98	284.04	406.00	437.01	311.99	440.01
305.09	289.06	399.97	284.04	406.03	437.04	312.00	440.02
305.11	289.06	399.97	284.05	406.01	437.03	311.99	440.02
305.06	289.02	399.98	284.01	406.01	437.01	312.00	440.00
305.07	289.04	399.97	284.02	406.01	437.03	312.00	440.01
305.08	289.08	399.96	284.05	406.02	437.03	311.99	440.01
305.10	289.07	399.98	284.01	406.02	437.02	312.01	440.00
305.09	289.03	399.99	284.00	406.01	437.02	312.00	440.01
305.10	289.04	400.00	284.02	406.01	437.01	311.98	440.01
305.09	289.03	400.01	283.99	406.01	437.01	312.00	440.01
305.12	289.04	399.99	284.01	406.01	437.03	312.00	440.01
305.11	289.02	399.99	284.00	406.01	437.02	311.99	440.02
305.10	289.03	399.99	283.99	406.02	437.02	312.02	440.01
305.13	289.06	400.00	284.01	406.01	437.03	312.01	440.01
305.12	289.07	399.99	284.02	406.03	437.02	312.00	440.02
305.11	289.01	400.02	284.00	406.01	437.02	312.00	440.01
305.12	289.05	400.00	284.03	406.03	437.01	311.99	440.02
305.14	289.05	399.99	284.03	406.02	437.02	311.99	440.04
305.09	289.01	399.99	284.03	406.02	437.00	312.01	440.02
305.11	289.03	399.98	284.01	406.03	437.02	312.01	440.03
305.11	289.04	399.99	284.02	406.03	437.01	312.00	440.03
305.12	289.02	400.00	284.01	406.02	437.01	312.01	440.02
305.11	289.01	400.01	283.97	406.03	437.01	312.00	440.02
305.17	288.99	400.02	283.97	406.04	437.01	312.01	440.03
305.20	288.96	400.05	283.93	406.03	436.99	312.03	440.00
305.22	288.93	400.08	283.92	406.02	436.99	312.01	440.00
305.25	288.95	400.06	283.94	406.03	437.00	312.01	440.01
305.26	288.99	400.06	283.93	406.04	437.01	312.01	440.00
305.23	288.95	400.06	283.93	406.04	437.02	312.02	440.02
305.21	288.98	400.05	283.96	406.06	437.02	312.00	440.01
305.24	288.95	400.07	283.94	406.04	437.01	312.01	440.00
305.24	288.92	400.07	283.92	406.03	437.00	312.02	440.01
305.23	288.91	400.05	283.95	406.05	437.01	312.01	440.01
305.25	288.95	400.06	283.95	406.05	437.01	312.01	440.01
305.24	288.93	400.06	283.95	406.05	437.02	312.01	440.02
305.24	288.93	400.08	283.93	406.04	437.02	312.02	440.01
305.24	288.94	400.06	283.93	406.04	437.01	312.02	440.02
305.22	288.95	400.05	283.95	406.05	437.02	312.02	440.02
305.21	288.95	400.06	283.95	406.06	437.02	312.02	440.03
305.25	288.99	400.07	283.96	406.04	437.00	312.01	440.04
305.26	288.96	400.09	283.95	406.04	437.01	312.00	440.04
305.27	288.97	400.09	283.92	406.05	437.01	312.01	440.03
305.31	288.95	400.10	283.93	406.04	437.01	312.01	440.04
305.30	288.92	400.11	283.88	406.04	437.00	312.03	440.03
305.30	288.89	400.11	283.89	406.05	436.99	312.02	440.05
305.33	288.92	400.13	283.89	406.04	437.01	312.01	440.05
305.31	288.94	400.10	283.90	406.06	437.03	312.02	440.07
305.30	289.00	400.09	283.95	406.07	437.02	312.01	440.07
305.21	288.97	400.05	283.97	406.07	437.01	312.01	440.09
305.15	289.00	400.04	283.95	406.07	437.02	312.03	440.09
305.13	289.03	400.05	283.97	406.07	437.03	312.02	440.10
305.10	289.03	400.04	284.00	406.07	437.02	312.03	440.10
305.16	289.07	400.03	283.99	406.09	437.05	312.02	440.12
305.17	289.03	400.07	283.95	406.09	437.04	312.04	440.11
305.23	289.03	400.10	283.97	406.10	437.05	312.02	440.15
305.25	289.04	400.15	283.95	406.17	437.05	312.08	440.19
305.31	289.07	400.26	283.92	406.26	437.05	312.15	440.25
305.43	289.11	400.40	283.92	406.33	437.06	312.20	440.39
305.45	289.10	400.51	283.91	406.41	437.05	312.26	440.51
305.52	289.17	400.59	283.98	406.51	437.08	312.29	440.67
305.57	289.18	400.69	283.97	406.58	437.11	312.32	440.79
305.59	289.20	400.77	283.95	406.68	437.18	312.40	440.88
305.70	289.24	400.93	283.97	406.79	437.26	312.46	441.00
305.82	289.34	401.07	283.99	407.00	437.38	312.61	441.13
305.94	289.34	401.27	284.00	407.19	437.46	312.76	441.32
306.14	289.45	401.49	284.05	407.42	437.64	312.91	441.50
306.28	289.47	401.71	284.11	407.65	437.80	313.03	441.68
306.40	289.50	401.92	284.18	407.87	437.99	313.14	441.89
306.52	289.51	402.11	284.22	408.05	438.18	313.25	442.06
306.60	289.54	402.27	284.28	408.26	438.40	313.34	442.23
306.70	289.64	402.42	284.29	408.44	438.62	313.46	442.39
306.73	289.64	402.59	284.28	408.64	438.84	313.57	442.58
306.87	289.66	402.80	284.33	408.79	439.07	313.64	442.79
306.95	289.66	403.01	284.39	408.95	439.28	313.72	442.99
307.06	289.76	403.21	284.46	409.10	439.47	313.78	443.19
307.15	289.88	403.36	284.57	409.29	439.68	313.85	443.40
307.19	289.91	403.53	284.62	409.43	439.92	313.89	443.63
307.21	290.03	403.65	284.72	409.61	440.16	313.97	443.84
307.26	290.12	403.85	284.81	409.76	440.38	314.02	444.09
307.32	290.24	404.05	284.88	409.91	440.64	314.08	444.34
307.39	290.40	404.15	284.96	410.15	440.98	314.18	444.65
307.40	290.48	404.33	285.12	410.38	441.26	314.23	444.99
307.37	290.39	404.59	285.10	410.54	441.51	314.31	445.31
307.35	290.52	404.74	285.18	410.74	441.80	314.35	445.66
307.39	290.66	404.93	285.23	410.86	442.15	314.31	446.11
307.34	290.79	405.08	285.37	410.97	442.53	314.23	446.59
307.25	290.94	405.17	285.54	411.14	443.00	314.19	447.15
307.20	291.14	405.37	285.67	411.32	443.46	314.14	447.66
307.20	291.30	405.58	285.80	411.53	443.92	314.13	448.17
307.14	291.48	405.79	285.89	411.72	444.35	314.10	448.70
307.20	291.68	406.00	286.08	411.89	444.81	314.06	449.25
307.19	291.86	406.18	286.23	412.14	445.25	314.09	449.79
307.16	291.94	406.45	286.27	412.38	445.63	314.18	450.23
307.17	292.04	406.68	286.38	412.63	445.99	314.28	450.66
307.19	292.18	406.97	286.41	412.87	446.39	314.35	451.07
307.21	292.34	407.16	286.58	413.11	446.81	314.39	451.52
307.31	292.58	407.37	286.76	413.35	447.26	314.41	451.97
307.30	292.68	407.60	286.93	413.59	447.68	314.43	452.44
307.36	292.90	407.79	287.05	413.81	448.14	314.48	452.90
307.47	293.03	408.08	287.23	414.01	448.58	314.48	453.41
307.45	293.08	408.35	287.32	414.28	449.03	314.57	453.91
307.45	293.25	408.58	287.44	414.59	449.51	314.65	454.44
307.47	293.37	408.86	287.58	414.87	449.98	314.72	454.98
307.59	293.58	409.24	287.64	415.18	450.51	314.81	455.43
307.63	293.69	409.55	287.80	415.52	451.00	314.90	455.98
307.77	293.93	409.82	287.98	415.83	451.59	314.99	456.49
307.82	294.07	410.11	288.22	416.11	452.14	315.00	457.06
307.78	294.23	410.36	288.41	416.34	452.70	314.98	457.57
307.67	294.35	410.54	288.57	416.60	453.34	314.94	458.16
307.60	294.55	410.73	288.70	416.78	454.04	314.85	458.71
307.38	294.71	410.83	288.85	416.94	454.71	314.76	459.30
307.20	294.92	410.91	289.04	417.07	455.47	314.62	459.85
306.96	295.22	410.95	289.37	417.20	456.17	314.39	460.47
306.65	295.40	410.93	289.62	417.24	456.83	314.12	461.15
306.30	295.50	410.95	289.76	417.25	457.54	313.89	461.75
305.93	295.72	410.85	290.02	417.26	458.24	313.60	462.34
305.57	295.86	410.86	290.10	417.18	458.86	313.25	463.00
305.25	296.11	410.82	290.31	417.14	459.43	312.98	463.66
305.05	296.38	410.82	290.48	417.17	460.10	312.71	464.34
304.74	296.57	410.85	290.70	417.25	460.67	312.53	465.03
304.66	296.83	411.02	290.89	417.38	461.35	312.31	465.80
304.53	296.99	411.21	291.16	417.56	462.08	312.13	466.57
304.42	297.25	411.44	291.30	417.82	462.80	312.10	467.27
304.30	297.40	411.71	291.48	418.08	463.52	312.04	468.06
304.26	297.62	412.01	291.63	418.34	464.29	311.99	468.86
304.26	297.93	412.38	291.86	418.67	464.99	311.99	469.67
304.19	298.24	412.67	292.21	419.06	465.68	312.02	470.56
304.26	298.50	413.08	292.41	419.41	466.43	312.06	471.34
304.28	298.75	413.47	292.62	419.85	467.20	312.11	472.08
304.31	298.96	413.84	292.75	420.28	467.93	312.26	472.76
304.40	299.08	414.32	292.88	420.61	468.58	312.35	473.41
304.43	299.24	414.65	293.12	420.96	469.23	312.40	474.07
304.49	299.55	414.91	293.33	421.30	469.88	312.47	474.71
304.47	299.73	415.14	293.57	421.56	470.54	312.39	475.47
304.38	299.91	415.46	293.72	421.87	471.22	312.40	476.21
304.30	300.20	415.78	293.98	422.25	472.00	312.43	476.91
304.25	300.44	416.12	294.16	422.60	472.81	312.47	477.68
304.15	300.72	416.43	294.39	422.98	473.45	312.55	478.40
304.01	301.00	416.72	294.62	423.30	474.22	312.58	479.19
303.96	301.16	417.04	294.88	423.66	475.14	312.47	480.07
303.91	301.38	417.36	295.07	423.99	475.95	312.46	480.89
303.94	301.54	417.77	295.35	424.30	476.77	312.32	481.73
303.96	301.82	418.12	295.50	424.64	477.65	312.32	482.52
303.91	302.01	418.47	295.76	424.94	478.51	312.27	483.45
303.83	302.47	418.73	295.94	425.35	479.44	312.24	484.38
303.43	302.75	418.80	296.21	425.64	480.28	312.09	485.37
303.17	302.98	419.01	296.43	425.78	481.19	311.86	486.38
302.87	303.32	419.09	296.78	426.03	482.22	311.63	487.38
302.45	303.52	419.25	296.93	426.26	483.21	311.47	488.30
302.27	303.88	419.50	297.22	426.47	484.32	311.22	489.22
302.08	304.10	419.74	297.56	426.70	485.42	310.98	490.13
301.91	304.39	419.95	297.90	426.97	486.40	310.84	490.95
301.60	304.62	420.11	298.07	427.27	487.20	310.83	491.83
301.26	305.10	420.25	298.35	427.59	487.95	310.82	492.60
301.07	305.56	420.45	298.79	427.83	488.72	310.71	493.51
301.00	305.79	420.74	299.04	428.17	489.65	310.63	494.37
300.97	305.89	421.16	299.11	428.54	490.59	310.63	495.21
300.88	305.91	421.57	299.22	428.87	491.55	310.57	496.13
300.92	306.27	421.91	299.49	429.28	492.55	310.53	497.02
300.99	306.47	422.40	299.84	429.54	493.47	310.37	497.98
300.84	306.84	422.63	300.17	429.91	494.46	310.30	498.93
300.63	307.04	422.95	300.41	430.21	495.53	310.08	499.96
300.55	307.23	423.31	300.67	430.44	496.73	309.87	501.06
300.43	307.62	423.63	301.01	430.84	497.96	309.68	502.15
300.22	307.75	424.01	301.28	431.06	499.14	309.46	503.29
300.12	308.17	424.30	301.65	431.34	500.39	309.15	504.51
299.75	308.38	424.58	301.86	431.62	501.57	308.97	505.63
299.43	308.68	424.78	302.22	431.83	502.71	308.62	506.87
299.25	309.07	425.03	302.51	432.01	503.87	308.36	508.00
298.73	309.28	425.26	302.78	432.22	504.94	308.05	509.12
298.60	309.71	425.49	303.09	432.30	506.10	307.63	510.27
298.23	310.03	425.56	303.42	432.47	507.12	307.33	511.43
297.82	310.27	425.73	303.71	432.63	508.16	307.05	512.53
297.48	310.81	425.83	304.12	432.85	509.25	306.76	513.63
297.11	311.06	426.09	304.43	432.93	510.32	306.41	514.78
296.72	311.47	426.17	304.70	433.17	511.58	306.15	515.99
296.27	311.90	426.30	305.21	433.28	512.68	305.72	517.21
295.80	312.36	426.40	305.57	433.48	513.94	305.37	518.42
295.44	312.67	426.61	305.97	433.55	515.22	304.90	519.69
294.89	313.00	426.69	306.38	433.71	516.52	304.50	520.94
294.54	313.49	426.85	306.66	433.76	517.89	304.04	522.21
293.91	313.89	426.89	307.23	433.89	519.19	303.51	523.57
293.32	314.42	426.88	307.62	433.99	520.58	303.09	524.84
292.68	314.87	426.90	308.08	434.02	521.70	302.61	526.21
291.97	315.45	426.86	308.51	434.06	522.91	302.05	527.55
291.09	315.72	426.71	308.79	433.81	524.00	301.37	528.96
290.34	316.30	426.41	309.26	433.70	525.43	300.59	530.29
289.65	316.68	426.34	309.61	433.50	526.65	299.86	531.50
289.10	317.06	426.21	310.07	433.31	527.79	299.27	532.68
288.39	317.44	426.12	310.41	433.28	528.88	298.74	533.82
287.79	317.85	426.15	310.63	433.25	529.99	298.27	534.87
287.37	318.12	426.15	311.03	433.32	531.14	297.84	535.92
286.86	318.41	426.12	311.37	433.43	532.16	297.51	536.88
286.80	318.62	426.39	311.70	433.50	533.33	297.09	537.93
286.50	319.00	426.53	312.00	433.66	534.31	296.87	538.91
286.25	319.41	426.78	312.24	433.85	535.34	296.56	539.93
286.11	319.69	427.07	312.53	434.07	536.31	296.44	540.94
286.09	320.03	427.41	312.87	434.52	537.31	296.33	541.96
285.97	320.20	427.87	313.00	434.79	538.15	296.26	542.80
285.99	320.50	428.24	313.38	435.04	539.13	296.10	543.81
285.80	320.62	428.53	313.69	435.25	540.14	295.85	544.90
285.68	321.27	428.68	314.04	435.63	541.31	295.71	545.99
285.39	321.16	429.21	314.16	435.85	542.52	295.46	547.16
285.40	321.78	429.58	314.67	436.22	543.68	295.29	548.45
285.00	322.18	429.96	314.99	436.59	544.72	295.22	549.69
284.87	322.67	430.35	315.34	436.96	545.85	295.11	551.02
284.84	323.07	430.90	315.65	437.35	546.99	294.91	552.23
284.79	323.44	431.34	315.92	437.72	548.06	294.88	553.44
284.51	323.95	431.56	316.44	438.05	549.03	294.65	554.71
284.20	324.16	431.91	316.71	438.30	550.07	294.52	555.75
283.99	324.44	432.10	317.05	438.63	551.24	294.31	556.87
283.95	324.79	432.43	317.30	438.76	552.31	293.97	557.92
283.43	325.08	432.53	317.74	438.96	553.37	293.67	558.91
283.35	325.38	432.83	318.05	439.04	554.46	293.40	559.91
283.04	325.66	433.07	318.33	439.27	555.65	293.15	560.92
282.69	326.10	433.14	318.80	439.45	556.71	292.86	562.02
282.31	326.27	433.38	319.08	439.53	557.80	292.50	563.11
282.18	326.67	433.64	319.48	439.69	559.07	292.13	564.34
282.04	327.16	433.96	319.89	440.04	560.10	291.95	565.42
281.94	327.48	434.36	320.13	440.33	561.11	291.83	566.50
281.81	327.75	434.72	320.38	440.65	562.08	291.67	567.49
281.76	328.09	435.06	320.73	441.12	563.14	291.67	568.53
281.81	328.43	435.55	321.13	441.45	564.06	291.58	569.65
281.78	328.65	436.01	321.32	441.87	565.12	291.60	570.74
281.83	329.00	436.65	321.70	442.23	565.89	291.48	571.88
281.75	329.58	436.84	322.06	442.73	566.82	291.52	573.04
281.56	329.64	437.31	322.20	443.08	567.82	291.45	574.25
281.62	329.91	437.90	322.44	443.52	568.96	291.38	575.36
281.78	330.33	438.37	322.87	444.03	570.36	291.31	576.67
281.65	330.53	438.83	323.17	444.35	571.64	291.14	577.74
281.51	331.03	439.02	323.82	444.54	572.97	290.67	578.86
281.14	331.33	439.37	324.00	444.62	574.20	290.35	579.85
280.90	331.64	439.49	324.37	444.77	575.44	290.07	580.82
280.48	331.89	439.68	324.82	444.92	576.56	289.67	581.70
280.09	332.11	439.73	325.06	445.01	577.43	289.50	582.52
279.94	332.42	439.86	325.19	445.07	578.48	289.07	583.42
279.54	332.59	439.67	325.54	445.09	579.30	288.75	584.27
279.24	332.71	439.95	325.82	445.05	580.16	288.27	585.11
279.06	333.03	439.97	326.09	445.07	581.03	288.03	585.93
278.73	333.19	440.08	326.18	445.18	581.90	287.85	586.53
278.57	333.59	440.04	326.64	445.35	582.78	287.53	587.45
278.06	333.52	440.28	326.61	445.27	583.30	287.31	588.14
277.83	333.78	440.33	327.01	445.30	583.95	287.03	588.89
277.54	334.15	440.15	327.15	445.47	584.83	286.86	589.61
277.42	334.69	440.30	327.53	445.46	585.42	286.54	590.32
276.90	334.66	440.30	327.85	445.45	586.07	286.21	591.07
276.73	334.80	440.47	327.97	445.46	587.03	285.85	591.84
276.60	335.17	440.64	328.14	445.44	587.77	285.59	592.53
276.17	335.63	440.56	328.58	445.55	588.23	285.48	593.24
275.45	335.81	440.56	328.64	445.60	589.11	285.25	594.04
275.36	336.03	440.73	329.01	445.79	590.21	284.80	594.91
275.36	335.86	441.00	328.96	445.96	591.10	284.65	595.73
275.63	336.19	441.14	329.16	446.15	592.02	284.48	596.50
275.48	336.33	441.35	329.54	446.34	592.72	284.24	597.26
275.50	336.66	441.47	329.79	446.42	593.42	284.14	597.99
275.18	336.69	441.66	329.83	446.53	594.01	284.04	598.51
274.99	336.81	441.78	329.84	446.64	594.34	283.95	598.92
274.95	336.99	441.67	330.17	446.72	594.35	283.89	599.04
274.81	336.88	441.60	329.98	446.80	594.30	284.09	598.86
275.19	336.86	441.64	330.03	446.76	594.27	283.99	598.89
275.25	336.53	441.84	329.86	446.62	594.14	284.01	598.81
275.11	336.69	441.73	329.93	446.64	594.12	284.02	598.86
275.19	336.98	441.74	329.84	446.66	594.24	284.07	598.92
274.97	337.08	441.58	330.03	446.75	594.30	283.93	599.02
275.05	337.01	441.67	330.03	446.61	594.13	284.03	599.01
275.03	337.17	441.55	330.08	446.72	594.20	283.98	599.05
274.83	336.71	441.81	329.83	446.62	594.07	284.00	598.94
275.14	336.96	441.63	330.11	446.72	594.14	284.00	599.06
275.44	337.21	441.66	330.04	446.76	594.23	283.94	599.07
275.28	337.11	441.57	329.87	446.78	594.19	284.15	598.91
275.22	337.07	441.60	329.88	446.79	594.13	284.09	598.97
274.97	336.88	441.50	330.02	446.75	594.09	284.06	599.07
275.12	337.44	441.48	330.00	446.81	594.15	284.05	599.11
274.79	337.18	441.41	329.94	446.69	594.07	284.12	599.11
274.67	337.41	441.36	330.08	446.75	593.98	284.00	599.16
274.75	337.54	441.44	329.95	446.66	594.01	284.05	599.19
274.53	337.83	441.33	330.17	446.72	594.00	283.96	599.26
274.26	337.62	441.15	330.18	446.77	594.01	284.09	599.36
274.38	337.78	441.23	330.27	446.71	593.99	283.97	599.42
274.41	337.91	441.26	330.13	446.71	593.85	284.05	599.36
274.51	337.86	441.12	329.97	446.79	593.62	284.11	599.36
274.56	337.58	441.01	329.88	446.74	593.40	284.11	599.39
274.72	337.27	441.19	329.65	446.62	593.23	284.12	599.28
274.96	337.48	441.06	329.74	446.70	593.20	284.10	599.20
275.14	337.32	441.04	329.71	446.56	593.01	284.17	599.11
275.09	337.23	441.10	329.50	446.55	592.92	284.17	598.95
275.09	337.20	440.87	329.58	446.63	592.80	284.11	598.95
275.30	337.07	441.02	329.36	446.51	592.72	284.09	598.90
275.22	336.98	440.99	329.39	446.47	592.56	284.15	598.82
275.29	336.86	441.04	329.57	446.33	592.46	284.01	598.85
275.08	337.52	440.70	329.49	446.61	592.58	284.20	598.65
274.77	337.63	440.54	329.51	446.41	592.02	284.31	598.49
274.40	337.84	440.38	329.56	446.26	591.48	284.35	598.35
273.91	338.38	439.95	329.63	446.30	590.96	284.56	598.12
273.64	338.56	439.84	329.77	446.09	590.48	284.48	598.00
273.79	338.21	439.85	329.72	446.02	590.27	284.56	597.76
274.11	338.05	439.98	329.37	445.97	590.02	284.60	597.42
274.13	337.63	439.86	329.30	445.93	589.69	284.62	597.09
274.39	337.26	439.98	328.95	445.69	589.33	284.72	596.50
274.33	337.04	439.65	328.92	445.66	588.95	284.85	595.97
274.77	337.11	439.45	328.91	445.59	588.81	284.90	595.37
274.91	336.50	439.49	328.60	445.33	588.38	284.82	594.87
275.24	336.05	439.50	328.23	445.17	588.06	284.76	594.47
275.44	335.71	439.23	327.89	445.04	587.65	284.80	594.13
275.70	335.44	439.18	327.60	444.73	587.19	284.56	593.79
275.45	335.48	438.51	327.60	444.37	586.44	284.54	592.98
274.81	335.57	437.71	327.43	443.82	585.41	284.61	591.94
274.33	335.83	436.99	327.53	443.22	584.43	284.46	590.99
273.77	335.69	436.22	327.42	442.64	583.56	284.18	590.26
273.35	335.34	435.55	327.12	442.16	582.64	283.98	589.52
273.33	334.95	434.98	326.67	441.59	581.69	284.02	588.61
273.41	334.77	434.66	326.22	441.18	580.71	283.96	587.65
273.62	334.22	434.38	325.84	440.74	579.30	284.02	586.64
273.82	333.78	433.83	325.48	440.46	578.11	284.21	585.60
274.26	333.22	433.66	325.03	440.03	576.94	284.26	584.58
274.56	332.87	433.36	324.59	439.75	575.90	284.52	583.36
274.78	332.56	433.05	324.33	439.56	574.93	284.70	582.24
274.96	332.13	432.76	324.00	439.25	573.90	284.82	581.24
275.12	331.82	432.42	323.73	438.93	572.79	284.97	580.17
275.19	331.25	432.18	323.25	438.49	571.72	285.05	579.13
275.19	331.05	431.45	323.10	438.24	570.63	285.21	578.03
275.33	330.62	431.14	322.68	437.90	569.56	285.32	576.86
275.94	330.08	430.88	322.38	437.51	568.77	285.26	575.78
276.24	329.58	430.67	321.72	437.19	567.47	285.62	574.33
276.17	329.30	430.27	321.38	436.86	565.98	285.97	572.89
276.28	328.96	429.95	321.00	436.56	564.67	286.20	571.66
276.59	328.58	429.57	320.64	436.31	563.55	286.38	570.54
277.01	328.25	429.25	320.33	436.05	562.34	286.55	569.42
277.40	327.74	429.07	319.85	435.69	561.07	286.84	568.14
277.76	327.15	428.87	319.42	435.45	559.85	287.04	566.86
278.30	326.74	428.63	319.11	435.29	558.67	287.40	565.48
278.76	326.19	428.42	318.71	435.07	557.45	287.74	563.98
279.49	325.61	428.24	318.22	434.63	556.31	287.88	562.52
279.77	324.85	427.79	317.80	434.33	555.05	288.08	561.01
280.05	324.28	427.38	317.24	433.78	553.83	288.21	559.36
280.24	323.79	426.94	316.86	433.22	552.45	288.25	557.80
280.25	323.44	426.40	316.31	432.74	551.00	288.49	556.20
280.21	322.80	425.80	316.04	432.27	549.46	288.62	554.70
280.59	322.64	425.33	315.46	431.87	548.02	288.89	553.13
280.67	321.88	424.82	315.09	431.40	546.20	289.20	551.68
280.91	321.78	424.38	314.55	431.28	544.42	289.76	550.06
281.09	321.29	424.01	314.02	431.15	542.66	290.33	548.54
282.07	320.81	424.15	313.62	431.00	541.23	290.73	547.20
282.72	320.31	424.13	313.16	431.21	539.85	291.61	545.72
283.62	319.85	424.45	312.82	431.54	538.42	292.42	544.38
284.59	319.51	424.99	312.27	431.83	536.94	293.42	542.89
285.38	319.18	425.04	311.88	432.12	535.54	294.39	541.68
285.98	318.81	425.21	311.43	432.42	534.13	295.19	540.44
286.73	318.49	425.28	311.04	432.66	532.66	295.92	539.30
287.46	318.11	425.46	310.53	432.63	531.12	296.57	537.93
288.02	317.61	425.40	310.15	432.57	529.75	297.10	536.66
288.56	317.24	425.18	309.76	432.50	528.43	297.55	535.40
289.03	316.84	425.07	309.20	432.31	526.99	298.07	534.00
289.50	316.51	424.92	308.78	432.20	525.49	298.50	532.72
289.68	316.01	424.60	308.31	432.05	524.03	299.03	531.30
290.30	315.77	424.40	307.94	431.78	522.75	299.32	530.08
290.40	315.23	424.09	307.60	431.65	521.36	299.74	528.69
290.91	314.92	424.00	307.12	431.50	520.16	300.09	527.40
291.24	314.30	423.82	306.75	431.31	518.96	300.44	526.16
291.79	313.78	423.75	306.33	431.19	517.89	300.82	524.91
292.42	313.41	423.79	305.98	431.06	516.70	301.20	523.66
292.83	313.06	423.54	305.74	431.07	515.67	301.58	522.44
293.17	312.52	423.50	305.28	430.87	514.40	302.10	521.18
293.62	312.17	423.39	304.97	430.70	513.22	302.37	520.10
293.91	312.01	423.16	304.61	430.54	512.04	302.67	518.95
294.13	311.74	422.76	304.39	430.29	510.88	302.94	517.92
294.34	311.51	422.52	303.95	430.06	509.74	303.15	516.89
294.26	311.19	422.11	303.68	429.75	508.51	303.49	515.85
294.45	310.94	421.91	303.36	429.50	507.45	303.68	514.85
294.65	310.66	421.66	303.08	429.26	506.48	303.87	513.92
294.94	310.30	421.43	302.75	428.99	505.51	303.99	512.96
295.04	310.00	421.14	302.38	428.69	504.55	304.15	511.93
295.22	309.70	420.81	302.23	428.32	503.53	304.23	510.97
295.34	309.51	420.47	302.03	428.11	502.54	304.35	510.01
295.55	309.19	420.31	301.67	427.74	501.56	304.55	509.02
295.72	308.90	420.00	301.39	427.55	500.69	304.69	508.07
295.96	308.55	419.78	301.14	427.35	499.82	304.84	507.22
296.18	308.39	419.56	300.83	427.13	498.87	305.07	506.21
296.40	307.99	419.36	300.61	426.86	497.93	305.24	505.32
296.60	307.71	419.16	300.32	426.66	497.12	305.37	504.37
296.83	307.51	418.94	300.10	426.43	496.18	305.51	503.42
297.00	307.15	418.74	299.74	426.12	495.16	305.78	502.45
297.09	306.91	418.34	299.64	425.96	494.25	305.91	501.57
297.27	306.74	418.18	299.30	425.64	493.26	306.08	500.57
297.45	306.58	417.89	299.10	425.40	492.38	306.17	499.67
297.68	306.17	417.72	298.75	425.10	491.46	306.33	498.80
298.12	305.89	417.61	298.55	424.95	490.80	306.40	498.02
298.46	305.44	417.56	298.23	424.81	490.05	306.65	497.22
298.68	305.08	417.44	297.89	424.74	489.29	306.91	496.43
298.97	304.83	417.33	297.78	424.61	488.46	307.11	495.65
299.10	304.76	417.18	297.58	424.44	487.54	307.36	494.84
299.23	304.77	416.94	297.59	424.27	486.64	307.57	494.08
299.31	304.78	416.76	297.41	424.11	485.81	307.80	493.27
299.24	304.60	416.44	297.24	423.93	485.03	307.99	492.50
299.32	304.40	416.23	296.96	423.59	484.24	308.07	491.67
299.50	304.20	416.01	296.73	423.30	483.54	308.06	490.82
299.60	303.87	415.65	296.66	423.03	482.79	308.10	490.00
299.90	303.53	415.52	296.47	422.58	482.12	308.01	489.07
299.97	303.14	415.24	296.21	422.18	481.31	307.99	488.21
300.03	302.84	414.90	295.91	421.82	480.58	307.99	487.20
300.15	302.33	414.58	295.60	421.45	479.97	307.91	486.32
300.52	301.82	414.42	295.28	421.07	479.50	307.75	485.47
300.76	301.30	414.19	295.04	420.78	478.90	307.72	484.57
300.91	301.02	413.95	294.85	420.49	478.08	307.77	483.63
300.90	300.87	413.59	294.63	420.14	477.16	307.91	482.70
300.88	300.85	413.21	294.53	419.86	476.22	308.01	481.82
300.92	300.64	412.89	294.32	419.57	475.38	308.10	481.01
300.97	300.32	412.63	294.02	419.27	474.52	308.19	480.17
301.05	300.10	412.27	293.84	418.99	473.70	308.23	479.42
301.22	299.82	412.09	293.60	418.66	472.91	308.27	478.66
301.25	299.68	411.82	293.33	418.40	471.94	308.43	477.87
301.25	299.66	411.49	293.16	418.14	471.01	308.59	477.13
301.13	299.58	411.14	292.95	417.83	470.01	308.78	476.38
301.13	299.66	410.69	292.91	417.60	469.06	308.86	475.71
301.13	299.48	410.39	292.70	417.23	468.11	308.88	474.94
301.14	299.19	410.06	292.42	416.83	467.20	308.92	474.09
301.16	298.94	409.71	292.17	416.51	466.35	308.94	473.23
301.25	298.69	409.44	291.90	416.16	465.46	309.01	472.27
301.41	298.38	409.20	291.65	415.81	464.54	309.09	471.34
301.61	298.15	408.96	291.47	415.46	463.65	309.17	470.23
301.65	297.89	408.70	291.39	415.14	462.65	309.20	469.18
301.72	297.60	408.40	291.16	414.81	461.70	309.34	468.15
301.91	297.36	408.18	290.90	414.49	460.78	309.46	467.07
302.01	297.05	407.98	290.61	414.19	459.84	309.60	466.04
302.21	296.79	407.78	290.41	413.87	458.84	309.74	464.99
302.40	296.66	407.57	290.27	413.66	457.89	309.88	464.00
302.65	296.45	407.41	290.10	413.50	456.91	310.14	462.94
302.97	296.12	407.35	289.81	413.36	455.98	310.43	461.96
303.29	295.80	407.33	289.55	413.25	455.04	310.76	460.98
303.80	295.68	407.41	289.41	413.21	454.12	311.10	459.95
304.30	295.49	407.56	289.21	413.24	453.22	311.55	458.93
304.71	295.15	407.75	289.05	413.26	452.32	311.96	457.95
305.18	295.01	407.84	288.97	413.39	451.43	312.48	456.97
305.82	294.77	408.08	288.77	413.46	450.53	312.96	456.00
306.32	294.45	408.27	288.46	413.64	449.72	313.51	455.05
306.95	294.12	408.57	288.10	413.85	448.93	314.07	454.17
307.62	293.71	408.83	287.79	414.11	448.16	314.69	453.27
308.37	293.35	409.02	287.57	414.41	447.49	315.26	452.43
308.99	292.86	409.26	287.16	414.62	446.71	315.83	451.60
309.59	292.45	409.43	286.77	414.79	445.99	316.35	450.74
310.07	292.02	409.45	286.43	414.93	445.26	316.77	450.04
310.55	291.81	409.52	286.22	415.00	444.44	317.21	449.27
311.01	291.64	409.58	286.03	415.07	443.69	317.59	448.59
311.49	291.53	409.66	285.78	415.11	442.99	317.97	447.93
311.83	291.27	409.78	285.54	415.14	442.14	318.34	447.31
312.16	291.06	409.90	285.31	415.26	441.41	318.78	446.58
312.63	290.79	410.04	285.09	415.32	440.74	319.16	445.94
313.05	290.64	410.04	284.93	415.53	440.24	319.51	445.38
313.42	290.32	410.08	284.57	415.62	439.83	319.85	444.79
313.62	289.91	410.02	284.25	415.71	439.49	320.10	444.33
313.88	289.70	409.95	284.09	415.71	439.16	320.27	443.82
313.98	289.46	409.83	283.95	415.63	438.84	320.38	443.32
313.99	289.26	409.63	283.89	415.48	438.45	320.37	442.87
313.99	289.20	409.47	283.72	415.24	438.10	320.32	442.39
313.91	289.16	409.13	283.69	414.99	437.78	320.19	442.01
313.79	289.04	408.81	283.58	414.67	437.48	320.03	441.67
313.54	288.83	408.47	283.46	414.34	437.18	319.81	441.42
313.39	288.80	408.14	283.35	414.06	436.93	319.64	441.15
313.24	288.77	407.78	283.27	413.76	436.68	319.50	440.88
313.05	288.59	407.55	283.18	413.44	436.40	319.30	440.65
312.91	288.41	407.36	283.11	413.23	436.17	319.20	440.44
312.99	288.24	407.35	282.99	413.15	436.14	319.17	440.18
313.15	288.15	407.41	282.99	413.15	436.15	319.18	439.94
313.19	288.05	407.45	282.99	413.14	436.16	319.22	439.74
313.25	288.08	407.47	282.96	413.17	436.20	319.26	439.62
313.29	288.01	407.49	282.96	413.14	436.17	319.27	439.59
313.38	288.04	407.52	282.93	413.17	436.18	319.26	439.55
313.53	287.93	407.57	282.92	413.17	436.19	319.25	439.49
313.72	287.79	407.68	282.86	413.18	436.19	319.25	439.41
313.87	287.63	407.77	282.80	413.18	436.13	319.29	439.31
313.97	287.48	407.83	282.77	413.20	436.14	319.28	439.25
314.04	287.46	407.85	282.76	413.22	436.14	319.31	439.19
314.05	287.43	407.84	282.76	413.19	436.13	319.32	439.18
314.09	287.51	407.84	282.81	413.17	436.14	319.30	439.21
314.02	287.65	407.78	282.86	413.25	436.20	319.32	439.22
313.97	287.62	407.80	282.88	413.20	436.17	319.31	439.25
313.92	287.63	407.82	282.88	413.20	436.18	319.30	439.27
313.89	287.69	407.79	282.90	413.21	436.19	319.30	439.28
313.91	287.67	407.82	282.88	413.18	436.18	319.32	439.28
313.87	287.71	407.78	282.92	413.22	436.20	319.31	439.30
313.94	287.73	407.81	282.92	413.20	436.20	319.30	439.30
313.90	287.64	407.83	282.86	413.21	436.19	319.31	439.26
313.99	287.61	407.89	282.87	413.21	436.17	319.29	439.24
314.03	287.55	407.88	282.89	413.22	436.20	319.28	439.24
314.04	287.51	407.88	282.85	413.24	436.17	319.31	439.19
314.14	287.56	407.92	282.85	413.23	436.18	319.31	439.15
314.05	287.51	407.92	282.83	413.25	436.17	319.34	439.15
314.09	287.55	407.91	282.87	413.22	436.17	319.32	439.18
314.01	287.57	407.92	282.86	413.22	436.16	319.31	439.22
313.98	287.67	407.90	282.91	413.21	436.18	319.30	439.24
313.90	287.73	407.86	282.90	413.22	436.18	319.33	439.28
313.81	287.79	407.82	282.95	413.24	436.21	319.33	439.31
313.81	287.92	407.79	282.96	413.25	436.22	319.34	439.34
313.79	287.86	407.80	283.02	413.23	436.21	319.32	439.37
313.77	287.82	407.85	282.91	413.23	436.21	319.33	439.33
313.79	287.87	407.83	282.95	413.23	436.21	319.35	439.30
313.80	287.80	407.84	282.93	413.21	436.21	319.33	439.32
313.83	287.80	407.86	282.95	413.22	436.21	319.33	439.30
313.82	287.79	407.84	282.94	413.24	436.20	319.34	439.28
313.85	287.84	407.85	282.97	413.24	436.22	319.32	439.30
313.81	287.82	407.82	282.98	413.22	436.21	319.33	439.32
313.75	287.80	407.84	282.96	413.25	436.21	319.33	439.32
313.80	287.81	407.85	282.96	413.21	436.20	319.33	439.31
313.82	287.88	407.83	282.95	413.26	436.23	319.33	439.31
313.80	287.84	407.81	282.96	413.26	436.22	319.34	439.30
313.84	287.79	407.82	282.96	413.25	436.23	319.34	439.29
313.83	287.68	407.86	282.94	413.24	436.18	319.35	439.25
313.85	287.68	407.88	282.90	413.24	436.19	319.34	439.24
313.88	287.70	407.88	282.91	413.24	436.20	319.35	439.23
313.94	287.74	407.89	282.92	413.22	436.21	319.33	439.24
313.91	287.68	407.88	282.88	413.23	436.20	319.38	439.21
313.94	287.64	407.89	282.92	413.22	436.18	319.34	439.23
313.94	287.67	407.89	282.88	413.24	436.20	319.34	439.22
313.93	287.63	407.88	282.91	413.24	436.19	319.36	439.21
313.92	287.59	407.90	282.89	413.23	436.17	319.35	439.20
313.97	287.59	407.94	282.86	413.25	436.18	319.35	439.19
314.00	287.57	407.93	282.86	413.25	436.16	319.35	439.18
314.08	287.56	407.95	282.86	413.23	436.17	319.34	439.17
314.05	287.59	407.94	282.83	413.25	436.17	319.37	439.13
314.03	287.55	407.93	282.85	413.25	436.17	319.37	439.13
314.06	287.54	407.94	282.86	413.25	436.17	319.36	439.12
314.09	287.50	407.97	282.84	413.25	436.14	319.36	439.11
314.13	287.48	408.00	282.84	413.24	436.15	319.35	439.10
314.13	287.45	407.99	282.85	413.25	436.14	319.35	439.10
314.14	287.46	408.02	282.80	413.24	436.14	319.36	439.09
314.17	287.53	407.97	282.86	413.27	436.17	319.35	439.11
314.17	287.47	408.01	282.84	413.22	436.15	319.35	439.10
314.24	287.52	408.03	282.80	413.25	436.18	319.36	439.08
314.20	287.40	408.07	282.79	413.24	436.16	319.34	439.06
314.29	287.41	408.08	282.77	413.22	436.12	319.36	439.03
314.33	287.29	408.13	282.73	413.23	436.13	319.36	438.97
314.40	287.25	408.16	282.68	413.26	436.13	319.37	438.93
314.51	287.14	408.23	282.66	413.21	436.10	319.36	438.91
314.48	287.04	408.25	282.58	413.22	436.08	319.40	438.84
314.55	287.02	408.30	282.56	413.20	436.07	319.36	438.84
314.57	287.05	408.30	282.56	413.22	436.07	319.38	438.84
314.63	287.11	408.29	282.59	413.22	436.09	319.39	438.84
314.56	287.10	408.27	282.60	413.22	436.09	319.37	438.87
314.52	287.12	408.25	282.61	413.20	436.07	319.38	438.89
314.44	287.17	408.21	282.65	413.22	436.10	319.38	438.90
314.37	287.19	408.20	282.69	413.22	436.08	319.36	438.95
314.34	287.26	408.16	282.67	413.23	436.12	319.39	438.95
314.31	287.33	408.09	282.77	413.25	436.13	319.36	439.00
314.31	287.34	408.11	282.75	413.23	436.13	319.39	438.98
314.26	287.33	408.10	282.76	413.23	436.13	319.38	439.01
314.23	287.29	408.09	282.75	413.23	436.13	319.38	439.02
314.31	287.36	408.12	282.78	413.24	436.14	319.35	439.01
314.31	287.33	408.12	282.75	413.22	436.13	319.35	439.02
314.30	287.30	408.14	282.74	413.22	436.13	319.37	439.00
314.31	287.34	408.14	282.73	413.22	436.13	319.36	438.99
314.29	287.37	408.12	282.74	413.23	436.14	319.38	438.99
314.25	287.35	408.09	282.75	413.24	436.16	319.37	439.04
314.24	287.41	408.08	282.76	413.23	436.15	319.37	439.07
314.19	287.49	408.00	282.81	413.27	436.19	319.38	439.10
314.12	287.54	408.03	282.82	413.21	436.18	319.35	439.12
314.02	287.65	407.94	282.87	413.24	436.19	319.37	439.19
313.96	287.77	407.88	282.90	413.27	436.23	319.38	439.24
313.84	287.86	407.86	282.91	413.27	436.23	319.38	439.28
