414.00	467.00	465.00	464.00	466.00	488.00	415.00	491.00
413.95	466.96	464.96	463.96	466.06	488.04	415.04	491.05
413.96	466.95	464.94	463.91	466.11	488.09	415.07	491.07
413.88	466.91	464.90	463.88	466.13	488.10	415.18	491.11
413.89	466.88	464.92	463.87	466.08	488.12	415.11	491.14
413.84	466.86	464.89	463.84	466.15	488.15	415.12	491.19
413.88	466.85	464.90	463.81	466.14	488.17	415.16	491.19
413.83	466.84	464.78	463.83	466.23	488.19	415.20	491.23
413.85	466.87	464.73	463.82	466.36	488.23	415.19	491.24
413.90	466.84	464.85	463.79	466.17	488.23	415.13	491.24
413.89	466.83	464.84	463.78	466.22	488.24	415.14	491.25
413.88	466.82	464.79	463.77	466.24	488.27	415.19	491.26
413.88	466.82	464.78	463.76	466.25	488.26	415.21	491.27
413.85	466.80	464.79	463.77	466.25	488.25	415.17	491.30
413.90	466.83	464.76	463.78	466.33	488.28	415.17	491.29
413.85	466.81	464.78	463.76	466.26	488.27	415.22	491.26
413.85	466.81	464.72	463.78	466.35	488.28	415.24	491.29
413.90	466.81	464.85	463.75	466.20	488.27	415.13	491.27
413.84	466.79	464.83	463.74	466.25	488.25	415.23	491.28
413.83	466.79	464.82	463.74	466.28	488.28	415.21	491.29
413.79	466.80	464.73	463.75	466.35	488.29	415.25	491.30
413.86	466.81	464.76	463.76	466.29	488.29	415.17	491.29
413.85	466.79	464.80	463.73	466.23	488.28	415.20	491.29
413.80	466.80	464.74	463.75	466.34	488.28	415.23	491.30
413.90	466.81	464.78	463.75	466.28	488.29	415.21	491.28
413.86	466.80	464.76	463.74	466.29	488.29	415.23	491.28
413.81	466.80	464.78	463.73	466.28	488.28	415.24	491.27
413.83	466.79	464.85	463.73	466.23	488.26	415.24	491.26
413.80	466.80	464.75	463.75	466.33	488.27	415.23	491.29
413.86	466.81	464.76	463.75	466.31	488.29	415.22	491.29
413.83	466.80	464.76	463.74	466.31	488.29	415.20	491.31
413.90	466.82	464.85	463.73	466.23	488.27	415.17	491.27
413.84	466.80	464.78	463.73	466.27	488.29	415.22	491.29
413.92	466.82	464.83	463.74	466.27	488.29	415.15	491.29
413.87	466.80	464.75	463.75	466.31	488.30	415.19	491.31
413.80	466.80	464.78	463.75	466.32	488.28	415.22	491.28
413.82	466.82	464.68	463.75	466.39	488.30	415.28	491.29
413.85	466.79	464.79	463.75	466.27	488.28	415.24	491.29
413.82	466.78	464.80	463.74	466.21	488.25	415.26	491.30
413.84	466.80	464.75	463.77	466.28	488.27	415.22	491.30
413.76	466.80	464.76	463.75	466.29	488.25	415.28	491.26
413.82	466.80	464.77	463.72	466.30	488.28	415.25	491.29
413.82	466.80	464.77	463.74	466.32	488.29	415.23	491.29
413.85	466.78	464.86	463.73	466.18	488.26	415.19	491.28
413.86	466.80	464.81	463.75	466.23	488.28	415.15	491.29
413.80	466.78	464.80	463.73	466.26	488.26	415.22	491.28
413.83	466.78	464.84	463.72	466.22	488.28	415.21	491.28
413.81	466.79	464.75	463.74	466.29	488.28	415.28	491.29
413.79	466.78	464.80	463.72	466.26	488.27	415.25	491.29
413.84	466.78	464.90	463.72	466.21	488.28	415.19	491.28
413.85	466.80	464.80	463.75	466.25	488.28	415.20	491.28
413.88	466.80	464.82	463.74	466.22	488.28	415.20	491.29
413.78	466.80	464.76	463.76	466.33	488.27	415.24	491.28
413.88	466.81	464.77	463.77	466.28	488.27	415.17	491.30
413.83	466.81	464.74	463.76	466.30	488.27	415.22	491.28
413.82	466.78	464.76	463.76	466.27	488.28	415.20	491.29
413.87	466.79	464.83	463.75	466.22	488.27	415.17	491.28
413.81	466.80	464.79	463.76	466.31	488.27	415.21	491.27
413.83	466.79	464.76	463.75	466.27	488.28	415.19	491.31
413.77	466.79	464.73	463.76	466.31	488.26	415.28	491.29
413.85	466.78	464.85	463.73	466.22	488.27	415.24	491.26
413.87	466.80	464.78	463.76	466.29	488.28	415.20	491.30
413.79	466.80	464.79	463.73	466.30	488.28	415.23	491.28
413.84	466.80	464.81	463.75	466.23	488.25	415.24	491.28
413.83	466.80	464.78	463.74	466.29	488.27	415.25	491.29
413.78	466.82	464.68	463.79	466.40	488.28	415.23	491.30
413.81	466.79	464.78	463.76	466.26	488.26	415.22	491.27
413.82	466.80	464.73	463.77	466.33	488.29	415.22	491.30
413.85	466.81	464.75	463.75	466.32	488.29	415.21	491.30
413.85	466.79	464.81	463.74	466.24	488.28	415.21	491.29
413.82	466.79	464.81	463.75	466.22	488.25	415.24	491.28
413.83	466.80	464.74	463.75	466.29	488.29	415.22	491.29
413.87	466.80	464.81	463.74	466.26	488.29	415.19	491.28
413.82	466.79	464.78	463.73	466.29	488.28	415.25	491.29
413.85	466.78	464.82	463.73	466.19	488.27	415.19	491.28
413.83	466.80	464.73	463.74	466.33	488.29	415.25	491.30
413.83	466.80	464.76	463.75	466.30	488.28	415.23	491.29
413.84	466.80	464.74	463.76	466.32	488.29	415.20	491.32
413.84	466.79	464.84	463.74	466.24	488.26	415.21	491.27
413.81	466.78	464.82	463.74	466.25	488.27	415.21	491.30
413.82	466.80	464.77	463.74	466.35	488.28	415.26	491.28
413.79	466.80	464.75	463.73	466.29	488.27	415.28	491.28
413.83	466.81	464.73	463.76	466.34	488.29	415.21	491.30
413.89	466.80	464.79	463.74	466.27	488.29	415.19	491.30
413.91	466.79	464.86	463.74	466.22	488.29	415.15	491.29
413.79	466.80	464.72	463.74	466.35	488.29	415.28	491.30
413.83	466.80	464.86	463.73	466.24	488.26	415.21	491.25
413.85	466.79	464.77	463.76	466.28	488.28	415.20	491.30
413.85	466.80	464.72	463.75	466.31	488.29	415.24	491.31
413.81	466.79	464.77	463.72	466.26	488.28	415.26	491.29
413.80	466.78	464.75	463.73	466.29	488.28	415.27	491.30
413.90	466.81	464.78	463.75	466.29	488.31	415.17	491.29
413.85	466.78	464.79	463.74	466.28	488.30	415.20	491.31
413.81	466.79	464.76	463.73	466.30	488.28	415.29	491.30
413.85	466.81	464.74	463.75	466.35	488.30	415.24	491.30
413.81	466.80	464.79	463.73	466.32	488.28	415.28	491.27
413.81	466.78	464.81	463.72	466.23	488.26	415.26	491.28
413.80	466.80	464.79	463.73	466.32	488.28	415.26	491.28
413.86	466.80	464.78	463.75	466.30	488.29	415.17	491.29
413.82	466.79	464.80	463.75	466.27	488.26	415.22	491.29
413.86	466.81	464.75	463.75	466.30	488.27	415.22	491.30
413.86	466.80	464.73	463.75	466.32	488.30	415.25	491.30
413.81	466.79	464.77	463.76	466.32	488.29	415.21	491.29
413.81	466.79	464.69	463.75	466.36	488.28	415.29	491.30
413.88	466.80	464.81	463.76	466.29	488.27	415.21	491.29
413.90	466.79	464.87	463.75	466.20	488.27	415.16	491.27
413.87	466.80	464.81	463.74	466.25	488.28	415.23	491.28
413.80	466.80	464.78	463.76	466.30	488.26	415.22	491.28
413.82	466.80	464.77	463.74	466.30	488.29	415.27	491.28
413.93	466.80	464.89	463.74	466.18	488.28	415.13	491.28
413.78	466.78	464.79	463.75	466.23	488.25	415.26	491.28
413.83	466.80	464.81	463.76	466.28	488.27	415.21	491.28
413.86	466.78	464.85	463.73	466.21	488.28	415.18	491.28
413.83	466.80	464.81	463.74	466.31	488.30	415.21	491.30
413.82	466.79	464.77	463.76	466.29	488.26	415.25	491.28
413.82	466.81	464.81	463.76	466.27	488.27	415.23	491.27
413.89	466.81	464.84	463.73	466.29	488.30	415.22	491.27
413.84	466.79	464.84	463.72	466.24	488.28	415.25	491.27
413.78	466.78	464.79	463.74	466.28	488.27	415.27	491.27
413.81	466.79	464.79	463.74	466.27	488.27	415.25	491.29
413.88	466.80	464.76	463.76	466.31	488.30	415.23	491.29
413.87	466.79	464.83	463.76	466.23	488.27	415.19	491.30
413.79	466.77	464.84	463.73	466.23	488.25	415.30	491.27
413.90	466.80	464.79	463.76	466.26	488.28	415.21	491.30
413.88	466.78	464.82	463.75	466.25	488.27	415.22	491.30
413.83	466.79	464.79	463.75	466.30	488.28	415.24	491.29
413.84	466.79	464.81	463.75	466.28	488.27	415.26	491.29
413.85	466.78	464.83	463.76	466.25	488.26	415.25	491.29
413.88	466.77	464.88	463.75	466.19	488.26	415.20	491.29
413.90	466.79	464.87	463.75	466.22	488.27	415.23	491.28
413.85	466.79	464.82	463.76	466.27	488.28	415.23	491.30
413.90	466.78	464.86	463.77	466.21	488.27	415.20	491.28
413.81	466.78	464.82	463.76	466.26	488.26	415.28	491.29
413.87	466.80	464.80	463.77	466.25	488.29	415.20	491.28
413.93	466.79	464.90	463.77	466.23	488.28	415.18	491.28
413.86	466.79	464.82	463.76	466.28	488.29	415.22	491.29
413.81	466.78	464.82	463.76	466.29	488.26	415.28	491.29
413.86	466.80	464.79	463.77	466.28	488.28	415.21	491.28
413.79	466.80	464.75	463.77	466.34	488.27	415.27	491.28
413.82	466.79	464.79	463.76	466.34	488.29	415.26	491.29
413.90	466.80	464.86	463.77	466.23	488.27	415.17	491.28
413.85	466.80	464.85	463.76	466.26	488.27	415.22	491.26
413.81	466.79	464.82	463.74	466.29	488.28	415.25	491.28
413.90	466.79	464.84	463.76	466.27	488.30	415.20	491.29
413.91	466.79	464.86	463.76	466.23	488.29	415.18	491.29
413.87	466.78	464.85	463.76	466.26	488.29	415.20	491.29
413.90	466.79	464.85	463.75	466.30	488.30	415.22	491.30
413.83	466.78	464.86	463.80	466.25	488.28	415.24	491.29
413.89	466.74	465.12	463.81	466.03	488.26	415.21	491.30
413.89	466.78	464.92	463.78	466.20	488.28	415.23	491.28
413.85	466.78	464.81	463.79	466.34	488.28	415.30	491.30
413.87	466.75	465.14	463.79	466.05	488.25	415.28	491.32
413.87	466.68	465.52	463.90	465.77	488.23	415.32	491.50
413.81	466.70	465.45	464.07	465.71	488.29	415.38	491.78
413.77	466.81	465.10	464.32	465.92	488.47	415.52	492.16
413.84	466.99	464.90	464.51	466.15	488.74	415.85	492.24
414.63	467.37	465.71	464.53	465.95	489.09	415.63	492.06
415.29	468.18	465.94	464.68	466.91	489.55	415.77	492.10
415.11	468.85	465.77	464.94	467.60	489.90	415.84	492.71
414.77	468.88	465.73	465.55	467.91	490.22	416.08	493.49
414.67	468.91	466.86	465.86	467.25	490.32	416.51	494.18
416.04	470.14	466.73	466.53	468.74	491.22	417.05	494.50
416.61	470.92	467.86	466.96	469.89	491.80	417.82	495.28
416.77	471.09	468.86	467.37	470.30	492.17	418.81	496.24
418.25	472.17	469.75	467.95	470.95	492.86	418.99	496.76
418.41	472.86	469.73	468.62	472.47	493.59	419.99	497.46
418.68	473.05	470.92	469.11	472.86	494.06	420.80	498.33
420.74	474.00	472.88	469.67	473.41	494.68	421.45	498.80
421.80	474.87	473.47	470.48	476.63	495.30	423.98	499.79
423.84	475.25	476.27	470.82	477.72	495.89	425.59	500.60
425.45	476.43	477.64	471.36	479.19	496.48	426.71	501.23
426.67	477.09	478.40	472.37	481.34	497.23	428.45	502.45
429.35	478.22	481.39	472.75	483.42	498.02	430.61	503.25
430.93	478.83	483.63	473.45	484.63	498.61	432.02	504.47
433.41	480.23	485.24	474.46	488.48	499.39	435.61	505.40
437.11	480.91	489.84	474.87	491.24	500.01	438.76	506.59
439.78	482.33	491.32	475.88	494.04	501.05	441.37	507.96
440.81	482.95	493.62	476.50	494.91	502.01	442.39	508.95
443.24	484.08	495.20	477.43	497.29	502.80	444.78	509.96
445.93	485.07	498.31	478.25	500.56	503.50	448.21	511.02
449.79	486.33	501.92	478.83	503.35	504.28	451.02	512.20
451.44	487.28	503.88	479.71	506.30	505.00	454.85	513.11
454.87	488.54	506.81	480.60	508.91	505.89	456.66	514.68
457.04	489.68	509.08	481.34	511.30	506.83	459.62	515.72
459.56	490.90	511.54	482.32	514.21	507.56	462.27	517.14
463.56	492.13	514.95	482.98	516.58	508.56	464.84	518.53
465.07	493.21	517.22	483.84	519.83	509.03	469.28	519.44
469.79	494.49	520.94	484.48	522.35	510.17	471.16	520.98
472.42	495.49	523.61	485.04	525.89	510.60	476.07	521.78
476.25	496.44	526.52	485.77	528.51	511.36	478.21	523.27
477.70	497.33	528.88	486.21	530.30	512.03	481.18	523.84
480.89	498.22	531.05	487.04	532.68	512.80	483.01	525.18
483.72	499.01	534.15	487.23	535.88	512.93	487.69	525.45
487.72	499.86	537.58	487.52	539.84	513.05	492.23	526.04
492.49	500.41	541.48	487.91	542.31	513.60	494.75	527.15
494.33	501.14	543.61	488.53	544.76	514.09	498.11	527.73
497.82	502.13	546.23	489.23	548.03	514.63	501.31	528.45
502.22	502.94	550.26	489.54	551.43	514.96	505.28	529.20
505.36	503.92	553.42	490.17	554.53	515.30	509.70	529.76
508.90	505.53	556.16	491.41	558.16	516.07	513.44	531.06
513.93	506.94	560.38	492.29	562.37	516.82	517.80	532.30
517.97	508.67	564.30	493.33	568.61	516.69	525.15	532.80
525.27	509.45	570.33	493.77	572.93	517.47	530.46	533.98
531.11	510.75	574.87	495.00	577.82	518.40	535.20	535.80
535.60	512.28	579.06	496.07	581.66	519.53	539.97	537.10
539.72	513.85	583.01	496.94	585.96	520.40	545.07	538.26
543.08	515.28	586.37	497.79	589.60	521.04	550.26	539.12
547.66	516.50	590.29	498.59	592.75	522.22	553.23	540.85
551.23	517.73	593.42	499.47	596.05	522.97	557.36	541.83
554.93	518.40	596.96	499.77	598.85	523.72	561.09	542.62
558.89	518.89	599.82	500.38	601.34	524.56	563.80	543.65
561.93	519.20	602.60	500.61	603.28	525.34	566.34	544.28
563.56	519.72	603.79	501.36	604.76	526.05	567.78	544.96
564.42	519.93	604.76	501.95	605.61	526.60	568.61	545.44
564.81	520.06	605.21	502.13	606.15	526.84	569.40	545.33
564.95	520.09	605.30	502.18	606.06	526.97	569.20	545.48
565.00	520.08	605.45	502.24	606.08	527.04	569.20	545.35
564.59	520.29	605.25	502.42	606.28	526.90	569.43	545.36
564.13	520.41	605.24	502.18	606.14	526.75	569.67	545.11
563.58	520.59	604.82	502.16	606.30	526.39	569.88	544.84
563.11	520.64	604.62	502.06	606.18	526.18	569.94	544.61
563.55	520.58	604.90	502.18	605.97	526.41	569.50	544.84
564.00	520.80	604.72	502.63	606.39	526.57	569.38	545.23
563.76	520.98	604.63	502.71	606.43	526.43	569.43	545.18
563.38	520.99	604.39	502.55	606.40	526.15	569.88	544.84
563.48	520.88	604.31	502.25	606.20	525.94	570.05	544.61
564.05	520.68	604.29	502.11	606.06	525.86	570.06	544.54
564.27	520.58	604.29	501.99	606.02	525.66	570.10	544.45
564.08	520.43	603.99	501.84	605.61	525.36	569.95	544.31
563.42	520.25	603.45	501.53	605.30	524.82	569.89	543.85
563.31	519.96	602.73	501.30	605.01	524.38	569.52	543.57
562.77	519.70	602.29	500.71	604.33	523.83	569.27	543.01
562.22	519.47	601.43	500.36	603.67	523.15	569.11	542.50
562.77	518.93	600.60	499.93	602.72	522.67	567.86	542.54
562.09	518.36	599.67	499.09	601.82	521.58	567.85	541.64
561.49	517.74	598.62	498.16	600.78	520.42	567.37	540.72
561.56	516.78	597.79	497.02	599.82	519.23	566.98	539.82
561.43	516.08	596.49	496.18	599.30	517.63	567.30	538.63
560.59	515.39	595.22	495.01	597.85	516.71	566.62	537.40
559.20	514.88	593.42	494.49	595.95	516.04	565.51	536.49
558.13	514.29	591.62	494.01	594.16	515.27	564.02	535.71
556.80	513.66	589.67	493.52	592.26	514.23	562.54	534.96
554.73	513.50	587.80	492.56	590.04	513.05	561.18	533.70
552.55	513.32	584.99	492.10	588.26	511.78	559.99	532.55
551.12	512.74	582.85	491.49	585.59	511.04	557.38	531.93
548.92	512.20	579.98	491.13	582.95	509.96	555.15	531.05
546.41	511.66	577.02	490.44	580.43	508.70	553.07	529.63
544.63	510.38	574.40	489.48	577.20	507.92	549.84	528.87
541.76	509.51	571.35	488.43	574.47	506.53	547.71	527.18
539.16	508.53	568.27	487.91	571.51	505.47	544.43	526.41
536.33	507.48	565.00	487.14	567.67	504.80	540.86	525.31
532.96	506.56	561.74	486.02	564.33	503.81	537.77	524.15
529.76	505.58	558.22	485.33	560.70	502.96	534.38	522.81
525.88	504.74	554.33	484.65	557.44	501.67	530.96	521.52
521.69	503.88	550.39	484.01	553.90	500.34	527.59	520.20
518.27	502.70	546.47	483.13	550.50	499.26	523.89	519.04
514.83	501.20	543.19	481.85	546.54	498.59	519.88	518.19
511.27	500.05	539.60	480.89	542.94	497.68	516.18	517.09
507.33	499.08	536.02	479.95	539.16	496.82	512.59	515.89
503.33	498.11	532.31	479.07	535.82	495.87	509.02	514.86
499.26	497.28	528.97	477.97	532.30	495.00	505.51	513.81
495.89	496.18	525.23	477.25	528.98	494.31	502.05	512.92
492.40	495.11	521.98	476.37	525.62	493.48	498.33	512.17
488.66	494.17	518.65	475.36	522.26	492.46	495.28	510.86
484.94	493.42	514.62	475.00	519.30	491.25	491.57	510.08
480.85	492.54	511.18	473.98	514.62	490.80	486.95	509.34
476.62	491.70	507.04	473.20	510.82	489.73	483.00	508.16
472.05	490.57	503.16	471.91	507.36	488.48	479.60	506.65
468.68	489.11	499.48	470.91	503.77	487.69	475.12	505.97
464.57	487.83	496.01	469.71	500.09	486.92	471.59	504.71
460.39	486.81	492.33	469.01	496.62	486.13	467.88	503.75
456.76	485.70	488.98	468.09	492.90	485.42	463.92	502.89
452.74	484.67	485.26	467.19	489.38	484.84	460.03	502.21
449.19	483.84	481.59	466.64	485.21	484.46	455.94	501.44
444.85	482.98	477.74	465.98	482.37	483.35	452.39	500.42
440.51	482.01	474.36	465.02	478.56	482.59	448.45	499.39
435.83	481.30	470.30	464.39	475.00	481.77	444.67	498.24
432.29	480.12	466.72	463.61	470.94	481.50	439.39	497.99
426.88	479.48	462.41	463.15	466.94	481.09	434.93	497.12
422.25	478.53	458.10	462.56	463.17	480.37	430.52	496.25
417.65	477.60	454.34	461.73	459.03	479.77	425.54	495.55
412.13	476.78	450.35	460.78	455.01	478.78	421.70	494.34
408.35	475.51	446.60	460.00	451.06	478.19	416.50	493.67
402.78	474.62	441.87	459.26	447.40	477.33	412.41	492.53
399.60	472.89	438.67	458.22	443.20	476.98	406.80	492.11
394.70	471.72	434.65	457.33	440.08	476.26	403.70	490.74
391.39	470.44	431.52	456.52	436.27	476.20	398.26	490.38
386.33	469.52	427.81	455.91	432.16	476.06	393.18	489.75
381.95	468.59	423.91	455.54	428.19	476.08	388.30	489.26
378.00	467.65	420.09	455.34	424.42	476.03	383.22	488.96
373.47	466.75	416.56	454.79	420.89	475.68	379.67	488.06
371.16	465.70	414.20	454.22	417.31	475.68	374.96	487.79
368.33	464.74	412.07	453.55	415.04	475.07	372.56	486.97
366.53	463.84	409.98	452.92	413.17	474.54	370.57	486.15
364.70	462.97	408.11	452.39	411.63	474.14	368.15	485.61
363.04	461.96	407.12	451.57	409.61	473.54	366.46	484.54
361.83	461.04	405.59	450.98	408.12	472.95	364.46	483.82
359.40	460.23	403.43	450.32	407.25	472.08	363.74	482.73
358.98	459.25	402.61	449.58	405.05	471.59	360.88	482.32
356.58	458.54	400.62	448.85	403.94	470.82	359.88	481.45
355.23	457.82	398.90	448.23	402.77	470.19	358.31	480.66
354.47	456.76	398.86	447.09	400.35	469.80	356.13	479.83
352.13	456.06	396.37	446.81	400.08	469.15	355.67	479.12
350.27	455.64	394.18	446.58	399.32	468.87	354.37	478.60
350.19	454.99	394.18	446.06	397.76	468.79	352.61	478.28
349.44	454.59	394.15	445.71	396.98	468.61	351.98	477.95
348.70	454.73	393.25	445.90	396.70	468.72	351.53	478.14
348.32	455.25	392.59	446.53	396.75	469.22	351.36	478.48
348.37	455.55	393.42	446.81	396.45	469.66	351.19	478.75
348.45	455.96	394.15	447.27	396.04	470.34	350.69	479.53
348.38	456.98	393.25	448.42	397.04	471.17	351.11	480.34
348.58	457.56	394.55	449.05	396.47	472.24	350.42	481.10
347.97	458.44	393.68	450.15	397.41	473.23	350.78	482.14
347.71	459.19	394.34	450.89	396.32	474.35	349.42	483.00
346.16	459.80	393.18	452.04	396.91	475.32	349.61	483.96
347.23	460.44	394.29	452.77	395.89	476.61	348.04	484.54
345.84	461.25	393.08	454.02	396.63	477.67	348.10	485.36
345.31	461.79	394.03	454.93	395.15	478.65	347.03	485.95
344.61	463.01	392.02	456.42	395.76	480.14	346.41	487.08
343.22	463.39	392.74	457.19	393.95	481.29	345.06	487.71
342.59	464.54	391.38	458.63	393.64	482.81	344.16	488.49
341.07	465.07	390.28	460.23	392.93	484.23	343.21	489.53
340.61	466.02	390.82	461.38	391.77	485.83	342.32	490.23
339.07	466.96	389.34	463.01	391.28	487.55	341.14	491.48
338.25	468.43	388.44	464.33	390.12	489.17	340.03	492.23
336.01	468.56	387.15	465.99	388.18	490.47	338.75	493.76
335.55	470.58	385.79	467.26	388.18	492.22	337.73	494.20
333.31	470.38	384.71	468.46	386.12	493.49	336.38	495.76
332.89	472.17	383.87	469.93	384.91	494.55	335.10	496.06
330.95	472.21	382.31	470.46	383.84	496.37	333.98	497.47
329.38	472.82	381.54	471.86	380.53	496.49	332.17	497.51
328.48	473.84	379.08	472.58	380.54	498.40	330.93	498.39
326.59	473.97	377.50	473.42	378.70	498.99	329.88	498.97
325.96	474.65	377.24	474.87	376.76	500.09	328.38	499.10
325.23	475.55	376.21	475.84	375.51	501.13	327.36	500.12
323.81	476.72	374.81	477.11	374.61	502.72	326.04	501.11
321.98	477.66	373.56	478.81	372.75	503.80	324.46	502.35
320.24	479.07	371.66	479.96	371.52	505.33	323.05	503.85
318.48	480.63	370.16	481.51	369.65	507.01	321.14	505.21
316.49	482.19	368.37	483.15	368.05	508.84	319.27	506.81
314.86	483.79	366.74	484.98	366.03	510.68	317.24	508.50
312.76	485.21	365.19	486.86	363.99	512.44	315.31	510.17
310.18	486.52	362.53	488.75	362.55	514.38	313.54	511.93
308.10	488.23	359.71	490.37	360.99	516.42	311.37	513.42
306.37	489.70	358.08	491.86	358.34	518.25	309.32	514.88
304.36	490.98	356.77	493.36	355.84	520.00	307.22	516.31
302.08	492.33	354.07	495.23	354.28	521.85	305.15	517.93
299.90	493.71	352.08	496.84	351.61	523.38	302.82	519.27
297.55	495.26	348.32	498.49	350.42	525.32	300.70	521.08
295.62	496.43	347.15	499.36	347.53	526.77	298.61	522.23
293.39	497.46	345.59	500.67	345.30	527.88	296.62	523.47
291.58	498.49	343.12	501.95	344.04	529.26	295.17	524.78
290.21	499.37	342.62	502.82	341.88	530.27	293.58	525.59
288.50	500.41	339.58	504.09	341.76	531.68	292.47	526.95
287.40	501.25	339.46	504.82	338.98	532.55	290.68	527.59
285.33	502.27	336.50	506.11	338.69	533.89	289.38	528.90
284.06	503.14	335.96	506.99	336.42	534.89	287.67	529.82
282.24	504.18	333.30	508.30	336.46	536.32	286.74	531.14
281.83	505.05	334.23	508.96	334.31	537.20	285.39	531.71
280.46	505.82	331.80	510.02	334.64	538.22	284.73	532.75
280.40	506.24	333.23	510.50	332.59	538.51	283.91	532.92
280.13	506.65	332.77	510.98	332.52	539.00	283.57	533.36
280.16	507.03	332.49	511.22	332.63	539.39	283.25	533.49
280.26	507.00	332.93	511.22	332.29	539.21	283.30	533.38
280.42	506.99	332.92	511.10	332.48	539.00	283.35	533.29
280.39	506.98	333.28	511.02	332.37	538.80	283.36	533.18
280.39	507.04	332.78	510.98	332.67	538.77	283.45	533.23
280.49	506.90	332.94	510.95	332.65	538.62	283.54	533.08
280.66	506.75	333.09	510.88	332.94	538.40	283.82	532.91
280.69	506.47	332.60	510.68	333.57	538.25	284.22	532.70
280.97	506.13	332.26	510.36	334.44	537.94	284.80	532.52
281.66	505.60	333.94	509.65	334.24	537.34	285.11	531.88
282.54	505.23	334.53	509.14	334.96	536.81	285.75	531.35
282.99	504.67	334.31	508.68	336.17	536.18	286.72	530.93
283.86	504.01	335.40	507.85	336.64	535.33	287.47	530.15
284.98	503.31	337.02	507.12	336.84	534.29	288.28	529.35
285.81	502.79	336.71	506.49	338.96	533.70	289.47	528.83
287.28	501.91	339.53	505.19	339.03	532.42	290.51	527.61
288.57	501.25	339.35	504.62	341.38	531.59	291.92	527.00
290.39	500.24	342.41	503.27	341.77	530.16	293.46	525.66
292.24	499.22	343.24	502.48	344.20	529.11	295.23	524.73
294.36	497.92	346.22	501.13	345.36	527.43	297.23	523.16
296.62	496.68	348.56	499.66	347.60	526.21	299.35	521.59
298.79	495.42	349.23	498.72	350.61	524.80	301.47	520.42
300.99	493.78	352.75	497.13	351.63	522.71	303.64	518.59
303.41	492.35	354.94	495.49	354.09	520.93	306.08	516.92
306.17	490.83	358.06	493.64	356.29	519.06	308.52	515.03
308.70	489.29	360.24	491.84	359.04	517.21	311.06	513.45
311.22	487.75	362.89	490.00	361.24	515.01	313.36	511.63
313.52	486.15	364.99	488.19	363.97	512.91	315.92	510.04
316.24	484.62	367.46	486.27	366.88	510.94	318.64	508.14
319.21	482.75	370.51	484.32	369.01	508.60	321.26	506.09
321.80	480.78	373.19	482.22	371.79	506.51	324.02	504.03
324.43	478.88	375.54	480.32	374.02	504.36	326.64	502.16
327.14	477.15	378.07	478.38	376.33	502.24	328.99	500.29
329.41	475.41	380.28	476.17	378.37	500.13	331.43	498.48
331.74	473.80	382.31	474.21	380.64	498.33	333.54	497.07
333.61	472.29	384.08	472.94	382.81	496.48	335.46	495.74
335.67	471.01	385.98	471.53	385.11	495.21	337.30	494.29
338.18	470.10	388.26	469.62	387.01	494.11	339.16	493.09
339.47	468.39	390.60	468.51	388.33	491.92	341.63	491.92
342.71	467.78	392.94	467.52	391.79	490.76	343.86	490.49
345.44	466.67	395.07	465.63	395.41	489.81	346.68	489.86
346.51	465.10	398.64	464.75	395.20	487.41	348.83	488.25
349.75	464.70	399.97	463.26	399.77	487.29	351.18	488.21
353.08	464.81	402.99	462.82	402.45	485.68	353.94	487.22
355.64	463.83	406.09	461.04	405.01	485.14	356.55	487.19
356.85	463.23	406.65	460.73	406.87	483.97	357.93	487.14
358.56	463.26	408.11	459.63	408.85	483.27	359.45	486.17
360.10	462.88	408.76	458.80	410.36	482.29	361.12	485.69
360.39	461.61	410.05	457.67	410.21	481.13	361.58	485.37
361.11	461.32	409.42	456.93	411.67	480.18	362.43	484.43
361.64	460.05	410.85	455.56	411.33	479.13	363.06	483.49
362.32	459.38	410.11	455.00	412.53	478.23	363.51	482.68
362.91	458.51	411.37	453.61	412.24	477.30	364.01	481.70
363.08	457.59	410.85	453.06	412.88	476.19	364.41	481.01
364.24	456.88	412.01	451.66	413.09	475.25	365.20	479.91
363.79	455.71	411.13	451.03	413.50	473.99	365.59	479.26
365.29	454.95	412.49	449.56	413.62	472.96	366.05	477.97
364.82	453.74	411.31	448.92	414.69	471.67	366.94	477.15
365.81	452.92	412.58	447.38	414.01	470.58	367.15	475.81
365.71	451.82	411.66	446.74	414.93	469.36	367.74	475.14
366.73	451.08	412.67	445.22	414.48	468.08	368.11	473.89
367.14	449.89	413.13	443.97	414.68	466.72	368.81	473.27
367.92	449.50	412.78	442.90	416.39	465.36	370.60	472.47
369.49	448.64	414.49	441.27	415.78	463.98	370.76	471.71
369.71	448.08	413.48	440.50	417.71	462.88	372.51	471.26
370.89	447.44	415.32	439.13	417.34	461.84	373.72	470.28
371.08	447.19	414.57	438.71	418.75	461.13	375.34	469.92
372.53	446.98	414.90	438.62	419.02	460.85	375.70	469.94
373.43	446.77	415.33	438.37	418.97	460.55	375.79	469.82
374.13	446.58	416.25	437.87	418.58	460.30	376.01	469.60
374.38	446.61	416.42	437.77	418.43	460.23	376.06	469.66
374.45	446.71	416.38	437.88	418.56	460.22	376.44	469.72
374.41	446.91	416.09	438.17	419.07	460.29	376.84	469.81
374.46	447.07	416.16	438.39	419.39	460.48	377.09	469.82
374.15	447.25	416.30	438.59	419.91	460.53	378.06	469.79
374.51	447.63	416.90	438.84	420.19	460.72	378.59	469.92
375.56	448.01	418.00	439.33	420.65	461.26	378.45	470.56
376.50	448.52	418.93	439.99	421.21	461.91	378.91	471.32
377.14	449.42	419.50	440.85	422.79	462.52	380.64	471.84
379.11	450.09	421.94	441.54	423.38	463.56	380.92	472.84
380.07	451.32	422.63	442.47	425.83	464.36	383.24	473.80
381.93	452.15	425.10	443.34	426.71	465.30	384.29	475.00
383.16	453.56	425.93	444.43	429.56	466.33	387.06	476.05
385.64	454.55	428.73	445.20	430.63	467.43	387.91	477.56
386.74	455.64	429.80	446.04	433.04	468.31	390.57	478.64
389.25	456.63	432.03	446.81	434.58	469.23	391.96	479.89
391.03	457.55	434.00	447.43	436.43	469.93	394.12	480.77
392.53	458.55	435.44	448.12	438.61	470.53	396.67	481.63
395.33	459.25	437.51	448.81	439.73	471.42	398.05	482.79
396.88	460.20	439.50	449.17	441.94	471.81	401.05	483.34
399.76	461.19	440.90	450.12	444.02	472.50	402.81	484.72
401.02	462.06	442.67	450.69	445.85	472.90	405.59	485.25
403.88	462.85	445.22	451.07	447.34	473.72	407.14	486.29
406.19	463.80	446.99	451.57	449.57	474.07	410.23	486.93
408.69	464.67	449.04	451.89	451.67	474.49	413.02	487.67
412.00	465.49	451.37	452.45	453.83	474.91	415.83	488.46
414.85	466.30	453.94	452.90	456.00	475.22	419.09	489.09
417.73	467.25	456.34	453.20	458.12	475.59	422.52	489.60
421.31	468.06	458.57	453.94	460.67	476.00	426.06	490.26
424.00	469.01	460.89	454.44	463.27	476.21	429.46	490.73
426.90	470.09	462.84	455.03	466.08	476.38	433.09	491.21
430.53	471.18	465.07	455.81	468.63	476.79	436.01	492.19
433.51	471.92	467.78	456.24	470.56	477.32	439.07	492.96
435.46	473.07	469.44	457.06	473.50	477.54	442.34	493.68
438.76	473.44	472.74	457.10	475.35	478.10	444.58	494.17
441.47	474.33	474.92	458.20	478.26	478.38	447.64	494.81
444.74	475.08	478.23	458.71	481.12	478.99	450.40	495.48
447.68	476.07	481.30	459.52	484.38	479.56	453.78	496.02
451.19	477.33	484.18	460.85	488.29	480.16	457.48	496.73
455.23	478.32	487.99	461.60	491.78	481.06	461.23	497.94
460.28	479.00	492.12	462.63	495.31	481.83	465.07	498.68
464.93	480.26	496.14	463.72	499.80	482.77	469.20	499.92
469.84	481.32	500.62	464.77	503.83	484.02	473.28	501.34
473.30	482.94	504.50	466.17	508.27	484.83	478.14	502.38
477.22	484.20	508.81	467.40	512.53	486.24	481.58	504.13
480.32	485.54	512.74	468.76	516.75	487.62	485.33	505.53
482.31	487.13	516.18	470.10	520.30	488.87	488.95	506.67
484.70	488.46	519.04	471.45	523.77	490.43	492.07	508.06
487.36	489.51	522.30	472.74	526.22	491.91	494.13	509.64
489.01	490.88	524.96	474.01	528.98	493.27	496.50	510.86
491.24	491.63	527.84	475.21	531.05	494.92	498.02	512.43
493.48	492.34	530.48	476.46	533.23	496.66	498.65	514.23
494.06	493.24	532.76	477.67	535.40	498.22	499.22	515.62
494.60	494.04	534.71	479.11	536.91	499.94	499.11	517.10
494.35	494.88	536.45	480.26	538.70	501.79	499.13	518.16
494.81	495.34	538.38	481.50	540.52	503.44	499.13	519.24
494.99	495.79	540.18	482.73	541.66	505.41	498.27	520.33
493.97	496.34	541.02	483.93	542.98	507.02	498.13	521.12
494.30	496.71	542.46	485.00	543.44	508.85	496.74	522.02
493.80	497.08	542.77	486.35	544.21	510.42	495.53	523.09
492.16	497.41	543.49	486.86	544.22	511.77	495.75	523.12
491.54	497.96	543.00	488.31	544.79	513.12	494.17	524.21
491.32	498.44	543.26	489.30	543.99	514.64	492.11	525.07
489.06	498.98	542.57	490.34	544.27	515.72	492.19	525.29
488.75	499.31	542.63	491.59	543.66	517.30	489.96	526.39
488.22	499.92	542.98	492.73	543.14	518.83	488.36	527.00
486.69	500.46	542.15	494.07	543.38	520.52	487.62	527.46
485.57	500.76	542.12	495.47	542.82	521.90	486.76	528.12
484.99	501.57	542.58	496.47	541.78	523.47	485.04	528.90
483.56	502.21	541.28	498.10	542.32	525.12	484.97	529.58
483.15	502.99	541.37	499.37	541.62	526.63	483.58	531.01
482.49	504.09	541.27	500.90	541.40	528.24	482.88	531.71
482.12	505.83	540.91	502.36	542.05	530.05	482.71	533.03
481.45	506.48	541.32	503.92	541.57	531.73	482.40	534.97
481.31	508.05	540.93	505.92	542.27	533.71	481.85	536.78
481.12	509.80	540.90	507.75	542.43	535.62	481.54	538.44
480.58	511.67	540.81	509.51	542.74	537.45	481.33	539.99
480.47	513.58	541.17	511.03	542.68	539.31	480.89	541.25
479.58	514.09	541.35	512.02	541.83	541.09	480.44	543.18
479.24	515.39	540.65	513.81	542.34	542.73	480.07	544.59
479.29	517.29	540.42	515.91	542.64	544.38	479.49	545.74
478.53	518.31	541.47	517.44	541.26	545.69	479.19	546.98
478.13	519.32	540.97	518.22	542.19	548.04	479.14	548.90
478.51	520.94	540.32	519.91	542.88	549.40	478.49	549.95
477.74	521.11	541.42	520.46	541.52	550.35	478.64	550.77
477.53	522.11	540.73	521.85	542.05	551.16	478.20	551.34
478.01	522.73	540.83	522.00	542.30	552.26	478.03	552.02
477.74	522.98	541.03	522.28	542.07	552.56	478.35	552.39
477.57	523.06	541.21	522.63	541.57	552.49	478.09	552.66
477.80	523.12	541.58	522.56	541.48	552.53	478.22	552.59
477.78	523.10	541.39	522.32	542.00	552.57	478.42	552.49
477.98	523.11	541.32	522.19	542.51	552.48	478.50	552.38
478.27	523.07	541.68	522.13	542.38	552.22	478.77	552.32
478.52	523.20	541.62	522.19	543.10	552.21	479.11	552.49
479.37	523.32	542.31	522.09	543.77	552.03	479.71	552.56
480.93	523.30	544.26	522.05	544.61	551.58	480.94	552.66
482.72	523.47	545.89	521.88	546.11	551.31	482.39	552.85
483.50	523.53	546.29	521.72	547.07	550.81	483.31	552.95
484.25	523.54	546.59	521.54	547.82	550.44	484.13	553.05
485.61	523.64	547.61	521.20	549.00	550.14	485.07	553.00
486.35	523.85	548.06	520.79	549.95	549.53	485.86	552.76
487.24	523.96	548.92	520.16	550.48	548.92	486.95	552.28
487.95	523.69	549.79	519.40	550.60	547.98	488.47	551.98
489.44	523.11	551.45	518.30	551.01	547.13	490.00	551.92
490.67	522.95	551.70	517.69	552.01	546.08	491.30	552.08
491.90	522.85	552.57	516.53	552.37	544.82	492.52	551.98
492.99	522.61	552.70	515.29	552.95	543.09	494.52	551.83
494.53	522.47	553.26	513.79	553.12	541.61	495.56	551.46
495.94	521.98	553.14	512.55	554.11	540.21	497.24	550.76
496.73	521.17	553.29	511.39	554.12	538.96	498.05	550.12
496.91	520.61	553.16	510.21	554.16	537.68	499.23	549.31
498.94	519.99	553.58	509.15	554.22	536.57	499.92	548.82
498.87	519.54	553.16	508.02	554.02	535.15	500.77	547.96
498.83	518.80	552.49	506.98	554.01	533.67	502.09	547.05
499.50	518.21	551.81	505.86	553.28	532.44	501.96	546.30
499.08	517.32	551.36	504.51	552.49	530.75	502.87	544.99
499.15	516.51	550.03	503.31	551.23	529.27	501.89	544.21
498.01	515.44	548.45	501.93	550.12	527.34	501.80	542.62
497.13	514.29	546.60	500.37	548.27	525.44	500.46	541.25
496.03	512.95	544.87	498.60	546.35	523.58	499.11	539.69
493.66	511.65	542.02	497.26	544.70	521.54	498.26	537.62
491.53	510.03	539.74	495.41	542.12	519.50	496.61	535.45
489.48	508.22	537.12	493.73	539.45	517.53	494.42	533.47
487.01	506.51	533.98	492.25	536.71	515.44	491.86	531.49
484.15	504.77	530.38	490.66	533.49	513.21	488.86	529.09
480.69	502.73	526.45	488.84	529.77	510.81	485.37	526.60
476.80	500.72	522.02	486.93	525.98	508.27	481.51	524.15
472.40	498.62	517.41	484.95	521.62	505.88	477.19	521.66
468.06	496.32	512.76	482.76	516.91	503.53	472.95	518.81
463.13	493.87	507.79	480.64	512.28	500.91	468.61	515.75
457.84	491.30	503.08	478.29	507.62	498.39	463.70	512.98
454.75	488.36	499.25	475.76	503.17	496.34	458.98	510.84
450.50	485.92	495.22	473.45	499.19	494.25	455.55	508.15
446.86	483.58	491.23	471.52	495.38	492.58	451.26	506.56
443.98	481.62	487.99	469.62	491.23	490.91	447.56	504.53
440.15	479.64	484.68	467.65	488.08	489.21	444.75	502.44
437.36	477.83	481.66	466.00	485.03	487.64	441.55	500.72
434.30	476.08	478.56	464.48	481.85	486.02	438.45	499.20
430.67	474.56	475.55	462.75	479.08	484.32	436.57	497.40
428.13	473.35	472.25	461.44	476.07	482.85	433.19	496.30
425.14	472.09	469.35	459.84	473.11	481.61	429.94	495.36
422.05	471.11	466.15	458.72	470.15	479.84	427.94	493.51
420.92	469.38	464.22	456.97	468.19	478.82	425.11	492.46
419.53	467.67	462.96	455.38	466.40	478.10	423.70	491.06
417.70	466.47	461.14	454.89	464.84	477.70	422.11	489.95
416.88	465.37	459.59	454.62	463.05	477.18	419.95	489.17
414.66	464.51	457.94	453.81	461.63	476.29	418.65	487.98
412.97	463.42	456.66	452.92	459.09	475.59	416.39	486.98
411.28	462.66	454.39	452.42	457.70	475.17	414.28	486.26
407.91	461.95	451.92	451.97	455.89	474.53	412.51	485.20
405.32	461.23	449.53	451.76	452.73	474.42	408.49	484.77
402.12	460.53	446.94	451.38	449.54	474.26	405.09	484.17
397.81	459.89	443.98	451.07	446.05	474.25	401.23	483.43
394.56	459.31	440.56	451.10	442.25	474.82	396.19	483.23
390.23	459.13	437.04	451.19	439.06	475.21	392.10	483.13
384.57	459.31	430.74	452.31	435.62	475.90	388.05	483.44
382.33	459.13	429.26	452.69	432.40	476.18	384.75	483.59
381.82	459.26	429.11	452.92	430.93	476.70	383.15	483.62
380.82	459.58	428.82	453.29	430.25	477.24	382.55	483.89
381.27	460.54	428.22	454.08	431.28	477.90	382.74	484.48
380.93	461.15	428.33	454.86	431.30	478.39	383.03	485.40
381.05	462.26	429.07	455.56	431.19	479.34	382.64	486.29
380.93	463.20	429.16	456.87	431.64	480.45	383.09	487.52
382.07	464.74	429.68	458.27	432.91	481.97	383.40	488.79
382.10	465.88	431.63	459.22	432.81	483.24	383.98	490.02
382.40	467.45	431.77	460.94	433.47	484.82	383.94	491.99
382.47	469.20	431.78	462.58	434.38	486.48	384.23	493.81
382.43	470.95	431.70	464.37	435.24	488.24	384.31	495.61
382.85	472.58	432.69	465.91	435.29	490.10	384.15	497.26
382.57	474.18	432.95	467.48	435.58	492.08	383.80	499.20
381.79	475.20	433.57	468.87	434.98	493.86	383.41	500.77
381.38	476.54	433.12	470.54	435.51	495.64	383.15	502.29
381.38	477.43	433.01	471.91	436.08	497.27	383.65	503.42
381.75	478.70	434.19	472.90	435.96	498.57	383.18	504.64
381.74	480.36	434.01	474.26	436.62	499.84	383.28	506.09
381.34	481.14	434.18	475.34	436.51	501.11	383.43	507.41
381.65	482.37	434.73	476.31	436.81	502.35	383.16	508.47
381.49	483.07	434.73	477.49	437.11	503.38	383.62	509.43
381.80	484.32	435.22	478.30	437.67	504.34	383.66	510.40
381.61	484.93	435.56	479.19	437.37	505.32	383.73	511.37
381.86	486.03	435.14	480.03	438.49	506.20	383.92	512.37
382.09	486.39	435.91	480.42	438.17	506.79	383.37	513.04
382.06	486.40	436.45	480.56	437.43	506.98	383.27	513.19
382.14	486.45	436.47	480.61	437.50	507.03	383.35	513.16
382.29	486.46	436.44	480.62	437.58	506.94	383.23	513.10
382.15	486.43	436.33	480.55	437.73	506.83	383.21	513.08
382.22	486.45	436.33	480.47	437.76	506.75	383.18	513.03
382.23	486.46	436.32	480.44	437.99	506.71	383.40	513.03
382.08	486.50	436.24	480.47	438.28	506.66	383.77	513.07
382.26	486.55	436.29	480.56	438.30	506.70	383.75	513.11
382.23	486.57	436.35	480.55	438.15	506.73	383.61	513.11
382.16	486.51	436.35	480.55	438.07	506.70	383.67	513.08
382.31	486.62	436.37	480.58	438.14	506.78	383.64	513.07
382.33	486.56	436.47	480.66	437.98	506.79	383.64	513.14
382.45	486.63	436.65	480.66	437.89	506.81	383.74	513.06
382.38	486.62	436.70	480.65	437.88	506.80	383.79	513.05
382.49	486.62	436.71	480.62	437.94	506.82	383.75	513.03
382.45	486.66	436.62	480.61	438.00	506.75	383.70	513.08
382.39	486.63	436.65	480.60	437.94	506.71	383.75	513.05
382.38	486.65	436.53	480.61	437.99	506.72	383.79	513.08
382.34	486.65	436.56	480.61	437.97	506.72	383.75	513.06
382.39	486.62	436.66	480.61	437.91	506.70	383.77	513.07
382.36	486.66	436.56	480.66	438.00	506.74	383.74	513.08
382.39	486.61	436.65	480.65	437.97	506.75	383.75	513.04
382.49	486.66	436.78	480.67	437.81	506.76	383.78	513.05
382.51	486.65	436.83	480.65	437.84	506.80	383.82	513.08
382.65	486.62	436.98	480.62	437.76	506.81	383.73	513.04
382.64	486.65	436.83	480.63	437.89	506.82	383.78	513.07
382.66	486.64	436.86	480.65	437.91	506.77	383.78	513.09
382.65	486.63	436.93	480.61	437.86	506.79	383.87	513.03
382.65	486.62	436.92	480.61	437.95	506.80	383.93	513.04
382.61	486.62	436.92	480.61	437.93	506.83	383.94	513.07
382.55	486.66	436.90	480.67	437.81	506.80	383.89	513.08
382.39	486.68	436.79	480.72	437.79	506.82	383.96	513.09
382.54	486.71	436.87	480.74	437.77	506.87	383.81	513.08
382.57	486.66	436.88	480.76	437.68	506.85	383.71	513.04
382.45	486.65	437.06	480.72	437.47	506.88	383.77	512.96
382.31	486.71	436.91	480.83	437.43	506.94	383.74	513.00
382.22	486.73	436.80	480.87	437.35	506.96	383.70	513.02
382.42	486.71	436.96	480.79	437.49	506.92	383.71	512.90
382.61	486.66	436.96	480.82	437.63	506.87	383.67	512.87
382.73	486.61	437.17	480.80	437.62	506.83	383.74	512.86
382.87	486.67	437.09	480.79	437.88	506.77	383.71	512.94
382.68	486.71	437.11	480.76	437.74	506.76	383.87	512.93
382.72	486.72	437.11	480.74	437.81	506.73	383.93	512.95
382.79	486.71	437.28	480.70	437.67	506.73	383.86	512.93
382.77	486.70	437.23	480.70	437.70	506.72	383.91	512.95
382.83	486.71	437.31	480.66	437.67	506.78	383.85	512.93
382.85	486.73	437.16	480.70	437.77	506.76	383.87	513.00
382.84	486.70	437.18	480.68	437.81	506.81	383.90	513.00
382.82	486.67	437.13	480.69	437.74	506.80	383.88	513.02
382.69	486.69	437.15	480.68	437.77	506.78	383.94	513.00
382.79	486.70	437.13	480.69	437.82	506.80	383.91	513.02
382.80	486.71	437.05	480.72	437.87	506.82	383.91	513.05
382.78	486.69	437.06	480.74	437.85	506.79	383.90	513.03
382.75	486.73	436.97	480.71	438.02	506.83	383.95	513.03
382.80	486.72	437.08	480.69	437.91	506.82	383.92	513.01
382.78	486.69	437.04	480.72	437.90	506.81	383.94	513.05
382.81	486.69	437.17	480.69	437.75	506.77	383.90	513.00
382.84	486.72	437.16	480.68	437.82	506.80	383.91	513.01
382.87	486.71	437.13	480.70	437.82	506.82	383.83	513.04
382.75	486.69	437.18	480.68	437.78	506.78	383.93	512.98
382.75	486.68	437.00	480.74	437.89	506.80	383.96	513.04
382.72	486.69	437.06	480.70	437.88	506.78	383.93	513.03
382.76	486.68	437.13	480.68	437.81	506.77	383.89	513.03
382.76	486.69	437.07	480.72	437.87	506.79	383.88	513.04
382.80	486.67	437.15	480.69	437.73	506.73	383.94	513.02
382.83	486.68	437.25	480.67	437.67	506.79	383.83	513.00
382.79	486.71	437.04	480.71	437.90	506.80	383.90	513.04
382.76	486.70	437.00	480.72	437.92	506.80	383.94	513.04
382.77	486.70	437.03	480.72	437.87	506.80	383.91	513.05
382.76	486.72	437.02	480.72	437.94	506.81	383.88	513.06
382.77	486.70	437.01	480.74	437.93	506.79	383.89	513.08
382.70	486.68	437.09	480.71	437.81	506.78	383.94	513.03
382.75	486.72	436.98	480.73	437.90	506.75	383.91	513.06
382.81	486.71	437.16	480.69	437.77	506.77	383.87	513.03
382.83	486.70	437.21	480.68	437.73	506.77	383.90	512.99
382.82	486.71	437.17	480.67	437.81	506.83	383.85	513.01
382.84	486.71	437.03	480.73	437.86	506.80	383.84	513.06
382.71	486.68	437.13	480.67	437.82	506.79	383.95	513.02
382.78	486.68	437.12	480.66	437.80	506.81	383.95	513.03
382.85	486.69	437.16	480.68	437.74	506.78	383.85	513.04
382.79	486.69	437.17	480.68	437.72	506.78	383.87	513.03
382.77	486.71	437.12	480.70	437.84	506.77	383.83	513.04
382.75	486.71	437.05	480.70	437.91	506.79	383.92	513.04
382.80	486.70	437.09	480.72	437.89	506.81	383.88	513.05
382.78	486.70	437.03	480.72	437.86	506.80	383.93	513.04
382.82	486.68	437.10	480.71	437.79	506.76	383.89	513.06
382.84	486.70	437.09	480.71	437.85	506.80	383.85	513.07
382.78	486.68	437.06	480.68	437.85	506.78	383.90	513.06
382.82	486.69	437.08	480.66	437.88	506.82	383.92	513.06
382.77	486.71	437.01	480.69	437.95	506.82	383.97	513.06
382.78	486.68	437.05	480.72	437.85	506.79	383.91	513.07
382.76	486.69	436.99	480.72	437.99	506.83	383.92	513.08
382.79	486.69	437.05	480.72	437.83	506.78	383.93	513.05
382.78	486.70	437.12	480.69	437.80	506.79	383.92	513.01
382.80	486.71	437.11	480.68	437.83	506.79	383.91	513.02
382.75	486.69	437.10	480.70	437.83	506.78	383.90	513.01
382.77	486.69	437.12	480.67	437.84	506.82	383.93	513.02
382.76	486.71	437.05	480.70	437.90	506.77	383.96	513.05
382.77	486.75	437.07	480.74	437.87	506.76	383.89	512.99
382.84	486.76	437.09	480.76	437.90	506.78	383.86	512.99
382.85	486.75	437.15	480.73	437.82	506.79	383.84	512.98
382.83	486.75	437.12	480.74	437.84	506.75	383.89	512.98
382.85	486.71	437.18	480.71	437.73	506.74	383.82	513.00
382.84	486.69	437.19	480.70	437.75	506.77	383.83	513.01
382.82	486.69	437.17	480.67	437.77	506.78	383.88	513.03
382.74	486.72	437.13	480.68	437.84	506.77	383.92	513.00
382.89	486.70	437.24	480.66	437.70	506.80	383.86	513.00
382.87	486.68	437.21	480.67	437.68	506.80	383.87	513.01
382.74	486.68	437.09	480.71	437.85	506.76	383.94	513.03
382.79	486.71	437.06	480.70	437.91	506.79	383.91	513.05
382.76	486.69	437.15	480.67	437.78	506.79	383.90	513.03
382.88	486.72	437.16	480.67	437.86	506.85	383.86	513.03
